460.544	53.5336
461.198	47.6964
461.852	36.7305
462.506	70.2617
463.159	65.6259
463.813	61.8888
464.467	54.1733
465.121	65.425
465.774	68.955
466.428	81.6605
467.082	40.9462
467.735	40.9948
468.389	96.4597
469.042	49.4131
469.696	81.1378
470.349	87.6158
471.003	44.5088
471.656	54.2096
472.31	84.7362
472.963	67.6296
473.616	77.5994
474.27	82.998
474.923	63.7208
475.576	71.7289
476.229	96.3251
476.882	79.7274
477.535	78.6684
478.188	77.4069
478.841	78.0906
479.494	84.9189
480.147	81.6761
480.8	101.563
481.453	97.4816
482.106	107.742
482.759	106.028
483.411	105.082
484.064	98.4093
484.717	107.356
485.37	113.676
486.022	120.495
486.675	114.626
487.327	92.1786
487.98	134.737
488.632	141.502
489.285	156.679
489.937	124.061
490.59	135.385
491.242	164.317
491.894	160.147
492.547	183.954
493.199	172.568
493.851	167.634
494.503	178.876
495.155	195.474
495.807	183.018
496.46	202.254
497.112	220.627
497.764	210.829
498.415	231.784
499.067	251.235
499.719	247.378
500.371	283.977
501.023	294.286
501.675	311.737
502.327	318.58
502.978	336.865
503.63	340.217
504.282	382.155
504.933	404.557
505.585	424.236
506.236	462.873
506.888	480.649
507.539	510.553
508.191	543.372
508.842	558.766
509.493	610.358
510.145	643.047
510.796	661.61
511.447	720.436
512.098	753.431
512.75	805.86
513.401	836.675
514.052	894.506
514.703	927.157
515.354	979.043
516.005	1031.12
516.656	1088.5
517.307	1146.64
517.958	1223.78
518.609	1276.63
519.259	1334.82
519.91	1408.94
520.561	1489.18
521.212	1570.36
521.862	1673.95
522.513	1758.94
523.164	1867.23
523.814	1955.7
524.465	2045.95
525.115	2169.09
525.766	2272.86
526.416	2373.93
527.066	2469.4
527.717	2600.92
528.367	2700.54
529.017	2814.96
529.668	2952.69
530.318	3070.06
530.968	3213.58
531.618	3346.01
532.268	3500.32
532.918	3642.5
533.568	3796.51
534.218	3942.63
534.868	4104.76
535.518	4277.87
536.168	4428.21
536.818	4599.45
537.468	4771.54
538.117	4944.05
538.767	5120.03
539.417	5289.13
540.067	5433.26
540.716	5646.01
541.366	5807.99
542.015	6030.95
542.665	6161.74
543.314	6369.13
543.964	6571.52
544.613	6746.97
545.262	6951.83
545.912	7110.88
546.561	7329.52
547.21	7494.11
547.86	7663.65
548.509	7851.46
549.158	8008.89
549.807	8193.72
550.456	8351.83
551.105	8523.54
551.754	8726.21
552.403	8898.7
553.052	9069.69
553.701	9253.95
554.35	9385.41
554.999	9566.51
555.647	9730.38
556.296	9836.49
556.945	9942.25
557.593	10040.4
558.242	10124.8
558.891	10263.6
559.539	10323.7
560.188	10329.5
560.836	10443.7
561.485	10527.9
562.133	10555.7
562.781	10645.6
563.43	10725.6
564.078	10737
564.726	10832.5
565.375	10861.2
566.023	10895.5
566.671	10928.2
567.319	10959.7
567.967	11000.1
568.615	10991.7
569.263	11032.8
569.911	11018.3
570.559	11019.3
571.207	11001.9
571.855	11025.8
572.503	11032.2
573.15	10995.7
573.798	10995.9
574.446	10991.7
575.093	10945.8
575.741	10902.9
576.389	10904.6
577.036	10851.1
577.684	10792.9
578.331	10794.5
578.979	10763.6
579.626	10679.5
580.273	10656.6
580.921	10633.1
581.568	10578.3
582.215	10517.5
582.863	10494.7
583.51	10433.4
584.157	10398.3
584.804	10354.6
585.451	10322.4
586.098	10277.3
586.745	10223.3
587.392	10179
588.039	10156.6
588.686	10113.2
589.333	10088.4
589.979	10058.6
590.626	10043
591.273	9970.91
591.92	9981.17
592.566	9922.29
593.213	9892.36
593.859	9851.77
594.506	9848.93
595.152	9812.23
595.799	9770.9
596.445	9741.84
597.092	9732.48
597.738	9672.5
598.384	9674.41
599.031	9637.75
599.677	9634.03
600.323	9594.12
600.969	9561.75
601.615	9529.36
602.261	9516.88
602.907	9460.4
603.554	9382.9
604.199	9337.83
604.845	9284.76
605.491	9267.25
606.137	9215.34
606.783	9178.31
607.429	9105.22
608.074	9066.5
608.72	9007.4
609.366	8978.47
610.011	8935.23
610.657	8920.41
611.303	8873.08
611.948	8839.45
612.594	8790.09
613.239	8763.67
613.884	8743.58
614.53	8689.5
615.175	8668.67
615.82	8608.48
616.466	8559.84
617.111	8508.62
617.756	8493.03
618.401	8419.46
619.046	8386.08
619.691	8291.9
620.336	8260.1
620.981	8203.82
621.626	8131
622.271	8109.88
622.916	8024.78
623.561	7958.98
624.205	7910.76
624.85	7851.15
625.495	7779.61
626.14	7725
626.784	7645.64
627.429	7583.07
628.073	7525.81
628.718	7455.06
629.362	7378.77
630.007	7330.29
630.651	7230.01
631.295	7186.55
631.94	7116.36
632.584	7046.1
633.228	6953.31
633.872	6894.23
634.517	6834.54
635.161	6758.9
635.805	6677.95
636.449	6614.97
637.093	6527.12
637.737	6499.55
638.381	6415.56
639.025	6349.93
639.669	6288.62
640.312	6198.59
640.956	6134.15
641.6	6075.85
642.244	6014.55
642.887	5970.07
643.531	5893.87
644.174	5831.36
644.818	5753.73
645.461	5708.09
646.105	5634.99
646.748	5573.87
647.392	5504.56
648.035	5469.23
648.678	5404.82
649.322	5362.26
649.965	5311.73
650.608	5265.03
651.251	5220.12
651.894	5142.85
652.537	5060.98
653.18	5001.97
653.823	4976.06
654.466	4933.17
655.109	4878.04
655.752	4826.83
656.395	4793.16
657.038	4755.26
657.68	4722.52
658.323	4648.76
658.966	4611.44
659.608	4580.35
660.251	4530.71
660.894	4488.19
661.536	4424.11
662.179	4412.65
662.821	4361.74
663.463	4345.68
664.106	4299.69
664.748	4266.4
665.39	4245.67
666.033	4210.59
666.675	4185.06
667.317	4113.75
667.959	4100.27
668.601	4041.54
669.243	4030.5
669.885	3995.98
670.527	3968.74
671.169	3922.38
671.811	3875.33
672.453	3850.31
673.095	3807.07
673.736	3773.05
674.378	3736.23
675.02	3701.32
675.661	3668.58
676.303	3633.7
676.945	3595.02
677.586	3576.77
678.228	3515.99
678.869	3482.64
679.51	3463.76
680.152	3431.16
680.793	3386.3
681.434	3361.24
682.076	3330.09
682.717	3299.37
683.358	3270.49
683.999	3250.89
684.64	3198.55
685.281	3165.51
685.922	3131.53
686.563	3103.61
687.204	3072.07
687.845	3031.63
688.486	3011.1
689.127	2976.99
689.767	2952.25
690.408	2914.74
691.049	2874.01
691.689	2861.33
692.33	2814.32
692.971	2787.69
693.611	2746.73
694.252	2713.44
694.892	2700.08
695.532	2660.97
696.173	2624.34
696.813	2585.87
697.453	2571.96
698.094	2555.01
698.734	2511.17
699.374	2481.93
700.014	2453.83
700.654	2432.97
701.294	2401.36
701.934	2374.59
702.574	2357.68
703.214	2309.89
703.854	2287.8
704.494	2260.42
705.134	2238.81
705.773	2210.94
706.413	2172.31
707.053	2149.87
707.692	2143.96
708.332	2129.72
708.971	2084.42
709.611	2047.99
710.25	2050.93
710.89	2000.09
711.529	1994.36
712.169	1956.2
712.808	1946.58
713.447	1929
714.086	1916.27
714.726	1886.39
715.365	1859.37
716.004	1839.4
716.643	1814.12
717.282	1789.26
717.921	1770.76
718.56	1763.72
719.199	1742.03
719.838	1724.64
720.476	1689.12
721.115	1676.7
721.754	1665.08
722.393	1632.57
723.031	1637.47
723.67	1613
724.308	1598.67
724.947	1566.8
725.585	1569.07
726.224	1547.3
726.862	1515.45
727.501	1522.65
728.139	1486.26
728.777	1485.74
729.415	1464.52
730.054	1456.8
730.692	1440.04
731.33	1412.19
731.968	1410.66
732.606	1404.69
733.244	1382.02
733.882	1360.72
734.52	1337.33
735.158	1341.32
735.796	1313.12
736.433	1308.11
737.071	1295.62
737.709	1262.17
738.346	1258.11
738.984	1275.98
739.622	1246.33
740.259	1237.45
740.897	1232.95
741.534	1211.92
742.172	1203.15
742.809	1193.12
743.446	1182.62
744.084	1182.98
744.721	1172.84
745.358	1140.35
745.995	1141.1
746.632	1113.98
747.269	1130.06
747.906	1110.52
748.544	1106.08
749.18	1102.63
749.817	1084.36
750.454	1072.24
751.091	1062.11
751.728	1059.09
752.365	1026.08
753.001	1031.31
753.638	1025.79
754.275	1003.62
754.911	1010.72
755.548	988.921
756.184	969.076
756.821	953.068
757.457	968.7
758.094	946.859
758.73	937.446
759.366	917.163
760.002	914.146
760.639	902.049
761.275	911.756
761.911	889.233
762.547	871.746
763.183	859.628
763.819	863.593
764.455	858.516
765.091	873.02
765.727	867.879
766.363	844.765
766.998	836.368
767.634	796.427
768.27	788.761
768.906	794.145
769.541	773.991
770.177	768.538
770.812	754.688
771.448	753.461
772.083	737.373
772.719	724.656
773.354	705.31
773.989	700.018
774.625	714.318
775.26	700.154
775.895	688.2
776.53	673.379
777.165	663.767
777.8	662.458
778.435	662.532
779.07	676.74
779.705	646.96
780.34	628.248
780.975	638.067
781.61	630.075
782.245	625.313
782.879	613.431
783.514	608.876
784.149	603.926
784.783	591.13
785.418	586.361
786.052	570.167
786.687	585.875
787.321	578.614
787.956	582.627
788.59	558.188
789.224	566.809
789.859	550.375
790.493	546.546
791.127	534.553
791.761	528.364
792.395	528.714
793.029	524.819
793.663	514.5
794.297	516.331
794.931	499.891
795.565	488.523
796.199	497.454
796.833	489.571
797.467	500.296
798.1	479.898
798.734	463.871
799.368	494.089
800.001	479.792
