600	0.12006
599	0.0128519
598	-0.107054
597	-0.190991
596	-0.0130418
595	0.0758024
594	0.0456353
593	0.0348411
592	0.00542685
591	0.0874579
590	0.0499825
589	0.0401215
588	-0.0080566
587	0.0899889
586	0.0592995
585	-0.0091665
584	-0.104732
583	-0.108799
582	-0.167074
581	-0.130131
580	-0.155063
579	-0.159667
578	-0.170183
577	-0.0221095
576	0.119065
575	0.222145
574	0.131505
573	0.078791
572	0.087892
571	0.164504
570	0.234505
569	0.12501
568	0.002331
567	-0.13851
566	-0.145336
565	-0.076965
564	0.007558
563	0.0501425
562	-0.0093835
561	-0.0490235
560	-0.0657455
559	0.006951
558	-0.050021
557	0.0571145
556	-0.0173175
555	0.0272245
554	0.0106695
553	-0.037432
552	-0.0199175
551	0.005812
550	0.0066555
549	0.053443
548	0.0595065
547	0.0863585
546	0.075903
545	0.071727
544	0.117211
543	0.073753
542	0.119576
541	0.113914
540	0.092933
539	0.114844
538	0.0704925
537	0.029462
536	0.0202945
535	0.0048405
534	-0.050267
533	-0.080555
532	-0.123431
531	-0.118983
530	-0.117058
529	-0.109675
528	-0.0561165
527	0.023184
526	0.0613585
525	0.0575925
524	0.0564655
523	0.0418375
522	0.012908
521	0.0181155
520	0.0275635
519	-0.013033
518	-0.060708
517	-0.129952
516	-0.0123735
515	0.060169
514	0.0804065
513	0.0270685
512	0.100654
511	0.138898
510	0.11022
509	0.064084
508	-0.064631
507	-0.0937975
506	-0.047489
505	-0.0276595
504	-0.032158
503	0.017464
502	0.0330895
501	0.069333
500	0.084106
499	0.0682995
498	-0.0312155
497	-0.035603
496	-0.103381
495	-0.218253
494	-0.315902
493	-0.242634
492	-0.354486
491	-0.429564
490	-0.512663
489	-0.551012
488	-0.537747
487	-0.567724
486	-0.526698
485	-0.460681
484	-0.571961
483	-0.760139
482	-1.09351
481	-1.16779
480	-1.21275
479	-1.30401
478	-1.41004
477	-1.4873
476	-1.58665
475	-1.49519
474	-1.66991
473	-1.92291
472	-2.10216
471	-2.41933
470	-2.68173
469	-2.85838
468	-2.86185
467	-2.8045
466	-3.05932
465	-3.27367
464	-3.5371
463	-3.57184
462	-3.65078
461	-3.7553
460	-3.84895
459	-3.97267
458	-4.25394
457	-4.45122
456	-4.65118
455	-4.73661
454	-4.89428
453	-5.34485
452	-5.79594
451	-5.89875
450	-5.69845
449	-5.71867
448	-5.93821
447	-6.14102
446	-6.43206
445	-6.55482
444	-6.44546
443	-6.48517
442	-6.1266
441	-6.24284
440	-6.3813
439	-6.43904
438	-6.42217
437	-6.60051
436	-6.60968
435	-6.51164
434	-6.49517
433	-6.39465
432	-6.24399
431	-6.20001
430	-6.16848
429	-6.22941
428	-6.47322
427	-6.44616
426	-6.73724
425	-6.61667
424	-6.46448
423	-6.07381
422	-5.99244
421	-6.12136
420	-6.12992
419	-6.25274
418	-6.09775
417	-6.10436
416	-5.8608
415	-5.89445
414	-5.67974
413	-5.66163
412	-5.48315
411	-5.29303
410	-5.02373
409	-5.03165
408	-4.91855
407	-5.11562
406	-5.07473
405	-4.92809
404	-4.74404
403	-4.38025
402	-4.27518
401	-4.24173
400	-4.32252
399	-4.36785
398	-4.25345
397	-3.92672
396	-3.71689
395	-3.77524
394	-3.65493
393	-3.58848
392	-3.41475
391	-3.18094
390	-3.05015
389	-3.08053
388	-3.13078
387	-3.04527
386	-3.04304
385	-3.04935
384	-3.13866
383	-3.08532
382	-2.82399
381	-2.58615
380	-2.47547
379	-2.36305
378	-2.34647
377	-2.31412
376	-2.27218
375	-2.26567
374	-2.10315
373	-1.91632
372	-1.768
371	-1.76112
370	-1.83084
369	-1.88226
368	-1.71353
367	-1.64979
366	-1.58874
365	-1.54007
364	-1.61209
363	-1.54815
362	-1.41126
361	-1.3911
360	-1.37095
359	-1.30937
358	-1.27929
357	-1.19634
356	-1.10206
355	-1.18449
354	-1.14722
353	-1.1809
352	-1.20716
351	-1.16236
350	-1.1652
349	-1.02018
348	-1.00238
347	-0.95536
346	-0.921425
345	-0.863667
344	-0.864644
343	-0.792576
342	-0.764301
341	-0.623391
340	-0.618797
339	-0.638553
338	-0.669465
337	-0.626439
336	-0.521178
335	-0.549252
334	-0.51785
333	-0.539161
332	-0.545452
331	-0.603139
330	-0.593608
329	-0.589803
328	-0.609306
327	-0.480565
326	-0.491368
325	-0.420996
324	-0.426312
323	-0.478328
322	-0.448467
321	-0.391695
320	-0.334045
319	-0.253621
318	-0.266995
317	-0.304598
316	-0.2862
315	-0.299075
314	-0.270782
313	-0.373701
312	-0.421858
311	-0.363865
310	-0.25766
309	-0.307656
308	-0.291706
307	-0.388179
306	-0.33704
305	-0.268347
304	-0.244985
303	-0.16631
302	-0.164205
301	-0.174347
300	-0.152764
299	-0.24737
298	-0.283681
297	-0.288309
296	-0.290747
295	-0.295144
294	-0.264818
293	-0.237594
292	-0.179685
291	-0.0928485
290	-0.050663
289	-0.063791
288	-0.094648
287	-0.0500225
286	-0.063652
285	-0.022835
284	-0.021631
283	-0.0976685
282	-0.0386405
281	-0.1173
280	0.116079
279	0.203599
278	0.189073
277	0.0620515
276	0.0461205
275	0.128585
274	0.330299
273	0.342198
272	0.319387
271	0.177046
270	0.102363
269	-0.0104795
268	-0.061529
267	-0.136526
266	-0.28957
265	-0.371063
264	-0.285276
263	-0.393061
262	-0.498839
261	-0.723723
260	-0.907679
259	-0.760287
258	-0.547028
257	-0.413717
256	-0.356205
255	-0.491381
254	-0.580606
253	-0.745196
252	-0.826059
251	-0.83054
250	-1.01217
249	-1.0086
248	-1.14276
247	-1.2261
246	-0.951685
245	-0.665115
244	-0.70884
243	-1.08128
242	-1.7423
241	-2.18507
240	-2.22971
239	-2.53618
238	-2.97426
237	-4.12067
236	-5.57649
235	-7.57674
234	-8.8794
233	-9.06576
232	-9.47549
231	-9.43516
230	-9.24058
229	-8.79214
228	-8.95268
227	-10.6554
226	-11.0675
225	-9.72871
224	-6.66243
223	-5.12899
222	-3.5239
221	-5.45872
220	-10.1421
219	-7.18484
218	-4.17259
217	-0.076384
216	-3.20216
215	-7.13438
214	-14.4538
213	-4.04221
212	7.50215
211	15.9852
210	26.4889
