650	-0.0041624
649	-0.0042686
648	-0.0042183
647	-0.0042444
646	-0.0041816
645	-0.0042613
644	-0.0042388
643	-0.0042202
642	-0.0041981
641	-0.0042045
640	-0.0041986
639	-0.0041668
638	-0.0041982
637	-0.0042
636	-0.0042275
635	-0.0042309
634	-0.004145
633	-0.0041798
632	-0.0042102
631	-0.0041418
630	-0.0041307
629	-0.0041927
628	-0.0041386
627	-0.0041745
626	-0.0041134
625	-0.0041035
624	-0.0041017
623	-0.0040459
622	-0.0041417
621	-0.0040747
620	-0.0040674
619	-0.0040432
618	-0.0040668
617	-0.0040929
616	-0.0040945
615	-0.0041343
614	-0.00413
613	-0.0040119
612	-0.0041003
611	-0.0039922
610	-0.0039958
609	-0.0039856
608	-0.004018
607	-0.0040204
606	-0.0039315
605	-0.0039727
604	-0.0039003
603	-0.0038861
602	-0.0039405
601	-0.0039654
600	-0.0037632
599	-0.0038052
598	-0.0037249
597	-0.0036818
596	-0.0037451
595	-0.0036919
594	-0.0035734
593	-0.0036333
592	-0.0036442
591	-0.0035216
590	-0.0035224
589	-0.0034365
588	-0.0034509
587	-0.0033472
586	-0.003295
585	-0.0032251
584	-0.0031847
583	-0.0031258
582	-0.0029383
581	-0.0028099
580	-0.002701
579	-0.0025589
578	-0.002462
577	-0.0023591
576	-0.0021077
575	-0.0019283
574	-0.0017785
573	-0.0014829
572	-0.0012238
571	-0.000963
570	-0.0006153
569	-0.0003097
568	8.36e-05
567	0.0003827
566	0.0008374
565	0.0014272
564	0.0019202
563	0.0025019
562	0.0031429
561	0.0038855
560	0.0046604
559	0.0054791
558	0.0063419
557	0.0073113
556	0.0084344
555	0.0096503
554	0.01085
553	0.0122157
552	0.0136783
551	0.0152593
550	0.0169223
549	0.0186994
548	0.0206233
547	0.022709
546	0.0248894
545	0.02738
544	0.0298267
543	0.032459
542	0.0352008
541	0.0381557
540	0.041278
539	0.0445707
538	0.0480166
537	0.0516755
536	0.0554248
535	0.0595275
534	0.0635781
533	0.0679771
532	0.0725282
531	0.0774075
530	0.0821736
529	0.0873801
528	0.0926719
527	0.0980993
526	0.10383
525	0.109815
524	0.115841
523	0.122155
522	0.12862
521	0.135274
520	0.142172
519	0.14907
518	0.156238
517	0.163556
516	0.171047
515	0.178635
514	0.186432
513	0.19435
512	0.202487
511	0.210692
510	0.219146
509	0.227721
508	0.236293
507	0.244995
506	0.25384
505	0.262701
504	0.271614
503	0.280588
502	0.289704
501	0.298648
500	0.307644
499	0.316664
498	0.325612
497	0.334574
496	0.343413
495	0.352448
494	0.361226
493	0.370016
492	0.378644
491	0.387133
490	0.395672
489	0.404157
488	0.412305
487	0.420457
486	0.428389
485	0.436169
484	0.443905
483	0.45143
482	0.458723
481	0.466072
480	0.473015
479	0.479782
478	0.48647
477	0.492824
476	0.499001
475	0.505178
474	0.511096
473	0.516646
472	0.522026
471	0.527134
470	0.532055
469	0.536873
468	0.54136
467	0.545604
466	0.549585
465	0.55328
464	0.556896
463	0.560219
462	0.563235
461	0.566016
460	0.568592
459	0.570933
458	0.572993
457	0.574877
456	0.576496
455	0.577978
454	0.579147
453	0.580078
452	0.580733
451	0.581129
450	0.581348
449	0.581413
448	0.581009
447	0.580596
446	0.579932
445	0.579049
444	0.577998
443	0.576779
442	0.575217
441	0.573478
440	0.571608
439	0.569657
438	0.567502
437	0.564997
436	0.56233
435	0.55965
434	0.556704
433	0.553753
432	0.550558
431	0.547209
430	0.543843
429	0.540119
428	0.536518
427	0.532681
426	0.52879
425	0.524762
424	0.520539
423	0.516244
422	0.511781
421	0.50733
420	0.502888
419	0.498248
418	0.493463
417	0.488836
416	0.483771
415	0.478857
414	0.473847
413	0.468829
412	0.463754
411	0.458534
410	0.453504
409	0.448125
408	0.442834
407	0.437454
406	0.43235
405	0.426929
404	0.421626
403	0.416386
402	0.411172
401	0.405802
400	0.400543
399	0.395288
398	0.390162
397	0.385072
396	0.379639
395	0.374146
394	0.368948
393	0.363811
392	0.358681
391	0.35372
390	0.348497
389	0.343573
388	0.338608
387	0.333511
386	0.328596
385	0.323758
384	0.318964
383	0.314296
382	0.309502
381	0.304781
380	0.300038
379	0.295638
378	0.291079
377	0.286574
376	0.282286
375	0.277844
374	0.273509
373	0.269422
372	0.26519
371	0.260833
370	0.256551
369	0.252534
368	0.248553
367	0.244589
366	0.240931
365	0.237048
364	0.233225
363	0.229488
362	0.225925
361	0.222533
360	0.219009
359	0.215576
358	0.212258
357	0.208937
356	0.205892
355	0.202479
354	0.199494
353	0.196365
352	0.193581
351	0.190645
350	0.187884
349	0.184954
348	0.182434
347	0.180111
346	0.177695
345	0.175245
344	0.172979
343	0.17076
342	0.168647
341	0.166638
340	0.163398
339	0.161824
338	0.160088
337	0.158658
336	0.157048
335	0.155482
334	0.154369
333	0.152794
332	0.151446
331	0.150034
330	0.14897
329	0.147705
328	0.146555
327	0.145443
326	0.144224
325	0.14296
324	0.1419
323	0.140852
322	0.13964
321	0.138398
320	0.137102
319	0.135892
318	0.134877
317	0.133765
316	0.132521
315	0.131377
314	0.130555
313	0.129489
312	0.128756
311	0.127776
310	0.126893
309	0.126383
308	0.125795
307	0.12528
306	0.125007
305	0.124759
304	0.124842
303	0.124917
302	0.124947
301	0.125234
300	0.125943
299	0.126792
298	0.127748
297	0.129059
296	0.130837
295	0.132501
294	0.134661
293	0.137192
292	0.139935
291	0.142865
290	0.146161
289	0.149888
288	0.154012
287	0.15854
286	0.163506
285	0.168726
284	0.174329
283	0.18006
282	0.186279
281	0.192622
280	0.199039
279	0.205624
278	0.212142
277	0.218187
276	0.224227
275	0.229749
274	0.234615
273	0.23904
272	0.242952
271	0.24598
270	0.248717
269	0.250827
268	0.252609
267	0.25331
266	0.253849
265	0.253807
264	0.253276
263	0.252369
262	0.251011
261	0.249348
260	0.247292
259	0.245081
258	0.242785
257	0.240547
256	0.238197
255	0.236015
254	0.234133
253	0.232255
252	0.230778
251	0.229625
250	0.22896
249	0.228667
248	0.22893
247	0.229547
246	0.230899
245	0.232456
244	0.234731
243	0.237616
242	0.240997
241	0.24487
240	0.249383
239	0.254283
238	0.259762
237	0.265455
236	0.271413
235	0.27765
234	0.28416
233	0.290878
232	0.29771
231	0.304761
230	0.311944
229	0.319231
228	0.326568
227	0.333807
226	0.341173
225	0.348283
224	0.355547
223	0.362752
222	0.369976
221	0.377307
220	0.384537
