600	-0.448206
599	-0.555629
598	-0.596213
597	-0.572658
596	-0.525257
595	-0.54072
594	-0.57446
593	-0.619954
592	-0.595615
591	-0.614112
590	-0.631991
589	-0.483498
588	-0.436942
587	-0.307265
586	-0.39176
585	-0.552763
584	-0.579647
583	-0.592253
582	-0.622904
581	-0.500458
580	-0.471729
579	-0.527773
578	-0.570874
577	-0.532604
576	-0.418243
575	-0.277993
574	-0.222396
573	-0.265717
572	-0.27964
571	-0.25691
570	-0.203522
569	-0.278933
568	-0.212879
567	-0.166138
566	-0.138078
565	-0.0969705
564	-0.230625
563	-0.263824
562	-0.292575
561	-0.191211
560	-0.173191
559	-0.0963375
558	-0.143295
557	-0.0778375
556	-0.117159
555	-0.0889145
554	-0.099434
553	-0.119026
552	-0.075569
551	-0.113594
550	-0.110693
549	-0.108493
548	-0.080691
547	-0.0610395
546	0.019322
545	0.0903385
544	0.16894
543	0.171917
542	0.241343
541	0.276138
540	0.33955
539	0.42137
538	0.499947
537	0.515302
536	0.455359
535	0.421561
534	0.386184
533	0.365829
532	0.400297
531	0.452964
530	0.640526
529	0.783318
528	0.802111
527	0.823814
526	0.695197
525	0.742388
524	0.734782
523	0.78998
522	0.843289
521	0.783642
520	0.812922
519	0.973977
518	1.17
517	1.17216
516	1.15871
515	1.10208
514	1.13936
513	1.16959
512	1.27724
511	1.20153
510	1.2345
509	1.38061
508	1.41838
507	1.45651
506	1.37465
505	1.40447
504	1.54687
503	1.65891
502	1.6044
501	1.51149
500	1.41108
499	1.42213
498	1.48334
497	1.44444
496	1.46271
495	1.25686
494	1.43995
493	1.32827
492	1.23926
491	1.10105
490	1.01156
489	1.01208
488	1.0965
487	1.35333
486	1.38437
485	1.33938
484	1.05155
483	0.914721
482	0.779096
481	0.861616
480	0.63634
479	0.330404
478	0.0633435
477	0.170586
476	0.41385
475	0.628312
474	0.625856
473	0.321688
472	0.047601
471	-0.407804
470	-0.675093
469	-0.611919
468	-0.297929
467	-0.409971
466	-0.547627
465	-1.26178
464	-1.57399
463	-1.77177
462	-1.80416
461	-1.82789
460	-2.21891
459	-2.46344
458	-2.73003
457	-2.39387
456	-2.62684
455	-2.83839
454	-3.56142
453	-3.85519
452	-3.7829
451	-3.71153
450	-3.441
449	-3.46942
448	-3.60933
447	-3.91263
446	-4.14637
445	-4.26941
444	-4.00513
443	-4.26023
442	-4.32031
441	-4.23617
440	-3.73921
439	-3.39947
438	-3.76154
437	-3.96938
436	-4.3652
435	-4.70387
434	-5.39489
433	-5.69146
432	-5.47603
431	-4.67627
430	-4.45013
429	-4.47453
428	-4.5386
427	-5.23054
426	-5.1967
425	-5.79057
424	-5.70921
423	-5.91222
422	-5.77881
421	-5.88171
420	-5.96135
419	-6.03221
418	-5.79552
417	-5.4905
416	-5.70158
415	-5.75694
414	-5.95516
413	-5.83082
412	-5.69715
411	-5.97403
410	-6.10814
409	-5.93725
408	-5.52701
407	-5.38558
406	-5.02933
405	-4.82294
404	-4.46548
403	-4.51915
402	-4.54359
401	-4.5841
400	-4.55028
399	-4.5717
398	-4.9287
397	-4.91308
396	-4.78518
395	-4.49109
394	-4.18788
393	-3.98861
392	-4.11828
391	-3.9259
390	-3.94263
389	-3.87604
388	-3.78207
387	-3.70402
386	-3.66219
385	-3.57259
384	-3.5189
383	-3.41259
382	-3.2997
381	-3.21016
380	-3.06781
379	-2.86558
378	-2.82411
377	-2.63359
376	-2.5013
375	-2.46031
374	-2.17252
373	-2.29825
372	-2.31058
371	-2.38961
370	-2.57227
369	-2.36846
368	-2.38454
367	-2.43044
366	-2.40367
365	-2.30058
364	-2.04957
363	-1.84386
362	-1.71362
361	-1.66415
360	-1.54863
359	-1.45613
358	-1.34006
357	-1.27493
356	-1.26855
355	-1.36481
354	-1.33752
353	-1.35327
352	-1.26957
351	-1.13126
350	-1.07454
349	-1.0453
348	-1.04645
347	-1.01609
346	-0.908227
345	-0.839496
344	-0.848522
343	-0.914148
342	-0.884647
341	-0.906936
340	-0.91489
339	-1.00062
338	-0.946867
337	-0.901645
336	-0.956512
335	-0.897894
334	-0.814929
333	-0.731908
332	-0.742621
331	-0.719391
330	-0.718679
329	-0.655318
328	-0.688962
327	-0.715891
326	-0.693524
325	-0.667837
324	-0.685077
323	-0.778419
322	-0.777344
321	-0.876534
320	-0.878443
319	-0.91701
318	-0.77535
317	-0.675017
316	-0.638344
315	-0.592099
314	-0.601114
313	-0.693022
312	-0.675764
311	-0.730743
310	-0.593178
309	-0.477569
308	-0.46323
307	-0.431492
306	-0.533919
305	-0.499316
304	-0.589904
303	-0.603457
302	-0.654462
301	-0.583806
300	-0.479867
299	-0.412153
298	-0.401697
297	-0.390497
296	-0.392091
295	-0.275604
294	-0.218041
293	-0.217347
292	-0.294988
291	-0.1644
290	-0.13235
289	-0.013092
288	0.004788
287	0.024852
286	0.0582015
285	0.186109
284	0.216812
283	0.281108
282	0.352524
281	0.252121
280	0.200577
279	0.151873
278	0.263935
277	0.360147
276	0.448727
275	0.349082
274	0.169445
273	0.329656
272	0.507542
271	0.809119
270	0.837444
269	0.853364
268	0.567733
267	0.547921
266	0.321309
265	0.222975
264	0.201361
263	-0.198405
262	-0.035165
261	-0.023534
260	-0.125853
259	-0.143573
258	-0.149857
257	0.0054975
256	0.260915
255	0.19486
254	0.202756
253	0.283534
252	-0.011638
251	-0.241769
250	-0.26578
249	-0.522365
248	-0.601668
247	-0.930236
246	-0.675185
245	-0.420112
244	-0.107302
243	-0.586113
242	-0.446135
241	-0.458553
240	-0.0558344
239	0.11502
238	-0.965953
237	-2.17811
236	-3.54754
235	-4.48348
234	-6.35657
233	-8.85981
232	-11.8855
231	-12.8227
230	-14.8977
229	-16.7163
228	-19.5257
227	-19.4746
226	-12.8678
225	-10.6457
224	0.208253
223	-0.855507
222	-7.11761
221	-6.93296
220	-17.3266
219	-11.763
218	-17.289
217	-21.7552
216	-16.6072
215	-2.60738
214	2.45331
213	4.53946
212	0.18789
211	-2.88883
210	-3.22984
