600	0.041212
599	0.0332695
598	0.083688
597	0.040881
596	0.114885
595	0.141612
594	0.0332609
593	0.0524186
592	0.0103397
591	0.0864978
590	0.024656
589	-0.020921
588	-0.107576
587	-0.098364
586	-0.053716
585	-0.144313
584	-0.055333
583	-0.090432
582	-0.021997
581	-0.069635
580	-0.167753
579	-0.167117
578	-0.163681
577	0.040695
576	0.083824
575	0.142138
574	0.100142
573	0.052746
572	0.075734
571	0.089384
570	0.131456
569	0.037266
568	-0.058862
567	-0.153915
566	-0.109369
565	-0.006045
564	0.061614
563	0.116257
562	-0.01334
561	-0.061304
560	-0.17535
559	-0.201978
558	-0.265181
557	-0.214104
556	-0.161221
555	-0.072435
554	-0.021443
553	0.028527
552	-0.016669
551	0.011324
550	0.021788
549	0.049022
548	0.037916
547	-0.009902
546	-0.057791
545	-0.072436
544	-0.063371
543	-0.003471
542	-0.046454
541	-0.124508
540	-0.134703
539	-0.129837
538	-0.00557
537	0.031375
536	0.015501
535	-0.11199
534	-0.237488
533	-0.358644
532	-0.422195
531	-0.392202
530	-0.321658
529	-0.225103
528	-0.037414
527	0.011589
526	0.078381
525	0.027941
524	-0.067111
523	-0.070061
522	-0.046487
521	-0.047342
520	-0.004444
519	-0.033877
518	-0.06283
517	-0.061546
516	0.003641
515	0.047721
514	0.060009
513	0.078405
512	0.010639
511	-0.001909
510	-0.032046
509	-0.036541
508	-0.05517
507	-0.044326
506	-0.162849
505	-0.208078
504	-0.276205
503	-0.318862
502	-0.288593
501	-0.259532
500	-0.261538
499	-0.272234
498	-0.337851
497	-0.31655
496	-0.284155
495	-0.373182
494	-0.370221
493	-0.339483
492	-0.3619
491	-0.395706
490	-0.368111
489	-0.604421
488	-0.739525
487	-0.954612
486	-0.960864
485	-0.751018
484	-0.767217
483	-0.979142
482	-1.35026
481	-1.54679
480	-1.76268
479	-1.75091
478	-1.89086
477	-2.13814
476	-2.01355
475	-2.25683
474	-2.33733
473	-2.67579
472	-2.83056
471	-2.92142
470	-3.21493
469	-3.38529
468	-3.33279
467	-3.4304
466	-3.50834
465	-3.8737
464	-4.09959
463	-3.96695
462	-3.96241
461	-4.04854
460	-4.109
459	-4.22739
458	-4.24161
457	-4.12482
456	-4.391
455	-4.52967
454	-4.70945
453	-4.92907
452	-4.97631
451	-5.2
450	-5.18619
449	-5.11284
448	-4.78292
447	-4.50374
446	-4.51447
445	-4.80979
444	-5.02693
443	-5.25821
442	-5.26347
441	-5.08577
440	-4.87776
439	-4.56989
438	-4.5769
437	-4.93743
436	-4.84576
435	-4.9894
434	-4.85905
433	-4.93852
432	-4.91231
431	-4.97647
430	-4.96631
429	-4.9509
428	-4.62403
427	-4.77829
426	-4.50089
425	-4.65682
424	-4.4784
423	-4.33239
422	-4.48098
421	-4.37484
420	-4.28348
419	-4.06975
418	-4.00188
417	-4.02619
416	-4.08441
415	-4.13787
414	-4.19938
413	-4.22519
412	-4.11473
411	-4.30314
410	-4.30255
409	-4.30091
408	-4.24593
407	-3.96182
406	-3.88782
405	-3.86914
404	-3.66723
403	-3.42872
402	-3.14682
401	-3.16399
400	-3.25514
399	-2.88874
398	-2.83886
397	-2.82449
396	-3.16641
395	-3.37384
394	-2.98629
393	-2.8706
392	-2.76261
391	-2.95208
390	-2.94277
389	-2.84252
388	-2.88394
387	-2.55174
386	-2.50835
385	-2.38926
384	-2.37326
383	-2.40095
382	-2.32483
381	-2.14792
380	-2.04946
379	-1.77313
378	-1.58323
377	-1.67514
376	-1.70896
375	-1.85125
374	-1.777
373	-1.63048
372	-1.50904
371	-1.44867
370	-1.43749
369	-1.38998
368	-1.3085
367	-1.29082
366	-1.2303
365	-1.19739
364	-1.13061
363	-1.3387
362	-1.35697
361	-1.36348
360	-1.1665
359	-1.01484
358	-1.01073
357	-1.10961
356	-1.20867
355	-1.1111
354	-0.933103
353	-0.703181
352	-0.671291
351	-0.88234
350	-1.00078
349	-1.11032
348	-0.996153
347	-0.905456
346	-0.821311
345	-0.699174
344	-0.660895
343	-0.754738
342	-0.71308
341	-0.688707
340	-0.642158
339	-0.569194
338	-0.524047
337	-0.428101
336	-0.331243
335	-0.298464
334	-0.292357
333	-0.377393
332	-0.262899
331	-0.239394
330	-0.237303
329	-0.320279
328	-0.421319
327	-0.262777
326	-0.180928
325	-0.004699
324	-0.114605
323	-0.132133
322	-0.279814
321	-0.124372
320	-0.064754
319	-0.035829
318	-0.096754
317	-0.202927
316	-0.157594
315	-0.032114
314	0.049249
313	0.08649
312	0.042085
311	0.010991
310	-0.008673
309	-0.167515
308	-0.209849
307	-0.180915
306	-0.088591
305	-0.062959
304	-0.033753
303	-0.040324
302	-0.067283
301	-0.097152
300	-0.160328
299	-0.160427
298	-0.151403
297	-0.221004
296	-0.282955
295	-0.34056
294	-0.282401
293	-0.2056
292	-0.023836
291	0.000637
290	-0.027626
289	-0.133096
288	-0.146473
287	-0.098902
286	-0.071938
285	0.01402
284	0.226195
283	0.398394
282	0.437438
281	0.435692
280	0.486046
279	0.512824
278	0.543806
277	0.45121
276	0.434534
275	0.573153
274	0.572101
273	0.638562
272	0.572154
271	0.772038
270	1.00275
269	0.858704
268	0.699216
267	0.564781
266	0.390307
265	0.340968
264	0.062568
263	-0.099806
262	-0.046718
261	0.220945
260	0.512251
259	0.929506
258	0.904798
257	0.831062
256	0.396914
255	0.207079
254	0.355321
253	0.363511
252	0.433901
251	0.636257
250	0.679411
249	0.578096
248	0.420459
247	0.07293
246	0.315554
245	0.316034
244	0.248283
243	0.239258
242	0.714405
241	0.805591
240	0.824429
239	0.44019
238	0.2449
237	1.03453
236	0.92104
235	1.61339
234	1.29835
233	1.30381
232	1.99011
231	3.32305
230	6.14007
229	7.60424
228	8.89568
227	10.33
226	12.2157
225	13.9095
224	15.3909
223	16.4919
222	20.3168
221	22.8419
220	26.189
219	24.2567
218	23.6533
217	23.2755
216	25.4903
215	26.6923
214	30.3955
213	31.5866
212	30.0923
211	30.6101
210	29.2623
