47.95	23.38
47.95	23.44
47.95	23.49
47.94	23.54
47.94	23.59
47.94	23.64
47.94	23.69
47.93	23.74
47.93	23.79
47.93	23.81
47.93	23.52
47.94	23.66
47.98	23.91
48.04	24.11
48.14	24.24
48.27	24.32
48.43	24.38
48.61	24.43
48.82	24.45
49.06	24.47
49.31	24.49
49.58	24.51
49.87	24.52
50.17	24.53
50.48	24.53
50.80	24.53
51.12	24.53
51.46	24.53
51.79	24.52
52.13	24.52
52.48	24.51
52.82	24.51
53.17	24.50
53.52	24.50
53.87	24.49
54.22	24.49
54.57	24.48
54.92	24.47
55.27	24.47
55.63	24.46
55.98	24.46
56.33	24.45
56.68	24.45
57.03	24.44
57.38	24.44
57.73	24.44
58.08	24.43
58.43	24.43
58.78	24.43
59.13	24.42
59.48	24.42
59.83	24.41
60.18	24.41
60.53	24.40
60.88	24.40
61.23	24.39
61.58	24.39
61.92	24.38
62.27	24.37
62.62	24.37
62.96	24.36
63.31	24.35
63.66	24.33
64.00	24.32
64.35	24.31
64.69	24.30
65.04	24.29
65.39	24.27
65.73	24.26
66.07	24.25
66.42	24.24
66.76	24.23
67.11	24.21
67.45	24.20
67.79	24.19
68.13	24.18
68.48	24.17
68.82	24.16
69.16	24.15
69.50	24.14
69.85	24.13
70.19	24.12
70.53	24.11
70.87	24.10
71.22	24.10
71.56	24.09
71.90	24.08
72.24	24.07
72.58	24.06
72.92	24.05
73.26	24.05
73.61	24.04
73.95	24.03
74.29	24.03
74.63	24.02
74.97	24.01
75.31	24.01
75.65	24.00
75.99	24.00
76.33	23.99
76.66	23.98
77.00	23.98
77.34	23.97
77.68	23.96
78.02	23.96
78.36	23.95
78.70	23.95
79.04	23.94
79.38	23.94
79.71	23.93
80.05	23.93
80.39	23.92
80.73	23.91
81.07	23.91
81.41	23.90
81.74	23.90
82.08	23.89
82.42	23.89
82.76	23.88
83.10	23.88
83.44	23.87
83.77	23.87
84.11	23.86
84.45	23.86
84.79	23.85
85.12	23.85
85.46	23.84
85.80	23.84
86.13	23.83
86.47	23.83
86.81	23.82
87.14	23.82
87.48	23.81
87.82	23.81
88.15	23.81
88.49	23.80
88.83	23.80
89.16	23.79
89.50	23.79
89.84	23.78
90.17	23.78
90.51	23.77
90.84	23.77
91.18	23.77
91.52	23.76
91.85	23.76
92.19	23.75
92.52	23.75
92.86	23.75
93.20	23.74
93.53	23.74
93.87	23.73
94.20	23.73
94.54	23.72
94.87	23.72
95.21	23.72
95.54	23.71
95.88	23.71
96.21	23.71
96.55	23.70
96.88	23.70
97.22	23.69
97.55	23.69
97.89	23.68
98.23	23.68
98.56	23.67
98.90	23.67
99.23	23.66
99.57	23.66
99.90	23.65
100.24	23.65
100.57	23.65
100.91	23.64
101.24	23.64
101.58	23.63
101.91	23.63
102.25	23.62
102.58	23.62
102.92	23.61
103.25	23.61
103.59	23.61
103.92	23.61
104.26	23.60
104.59	23.60
104.92	23.60
105.26	23.60
105.59	23.59
105.93	23.59
106.26	23.59
106.60	23.58
106.93	23.58
107.27	23.58
107.60	23.58
107.94	23.57
108.27	23.57
108.61	23.57
108.94	23.56
109.27	23.56
109.61	23.56
109.94	23.56
110.28	23.55
110.61	23.55
110.95	23.55
111.28	23.54
111.62	23.54
111.95	23.54
112.29	23.54
112.62	23.53
112.95	23.53
113.29	23.53
113.62	23.53
113.96	23.52
114.29	23.52
114.62	23.52
114.96	23.52
115.29	23.52
115.63	23.51
115.96	23.51
116.30	23.51
116.63	23.51
116.96	23.50
117.30	23.50
117.63	23.50
117.97	23.50
118.30	23.50
118.64	23.50
118.97	23.49
119.31	23.49
119.64	23.49
119.97	23.49
120.31	23.48
120.64	23.48
120.98	23.48
121.31	23.48
121.64	23.48
121.98	23.47
122.31	23.47
122.64	23.47
122.98	23.47
123.31	23.47
123.65	23.47
123.98	23.47
124.31	23.47
124.65	23.46
124.98	23.46
125.31	23.46
125.65	23.46
125.98	23.46
126.32	23.46
126.65	23.46
126.99	23.46
127.32	23.46
127.65	23.46
127.99	23.46
128.32	23.46
128.65	23.45
128.99	23.45
129.32	23.45
129.66	23.45
129.99	23.45
130.32	23.45
130.66	23.45
130.99	23.45
131.32	23.44
131.66	23.44
131.99	23.44
132.33	23.44
132.66	23.44
132.99	23.44
133.32	23.44
133.66	23.44
133.99	23.44
134.33	23.44
134.66	23.44
134.99	23.44
135.33	23.44
135.66	23.44
135.99	23.44
136.33	23.44
136.66	23.44
137.00	23.44
137.33	23.44
137.66	23.44
138.00	23.44
138.33	23.44
138.67	23.44
139.00	23.44
139.33	23.44
139.66	23.44
140.00	23.44
140.33	23.44
140.67	23.44
141.00	23.44
141.33	23.44
141.66	23.44
142.00	23.44
142.33	23.44
142.66	23.44
143.00	23.44
143.33	23.44
143.67	23.44
144.00	23.44
144.34	23.44
144.67	23.44
145.00	23.44
145.34	23.44
145.67	23.44
146.00	23.44
146.34	23.44
146.67	23.44
147.00	23.44
147.34	23.44
147.67	23.44
148.01	23.45
148.34	23.45
148.67	23.45
149.01	23.45
149.34	23.45
149.68	23.45
150.01	23.45
150.34	23.45
150.68	23.45
151.01	23.45
151.34	23.44
151.67	23.44
152.01	23.44
152.34	23.44
152.68	23.44
153.01	23.44
153.34	23.44
153.68	23.44
154.01	23.44
154.34	23.44
154.68	23.44
155.01	23.44
155.35	23.44
155.68	23.44
156.01	23.44
156.35	23.44
156.68	23.44
157.01	23.44
157.35	23.44
157.68	23.44
158.01	23.44
158.35	23.45
158.68	23.45
159.01	23.45
159.34	23.45
159.68	23.45
160.01	23.45
160.34	23.45
160.68	23.45
161.01	23.45
161.34	23.45
161.68	23.45
162.01	23.46
162.34	23.46
162.68	23.46
163.01	23.46
163.34	23.46
163.68	23.46
164.01	23.46
164.35	23.46
164.68	23.46
165.01	23.46
165.35	23.47
165.68	23.47
166.01	23.47
166.35	23.47
166.68	23.47
167.01	23.47
167.35	23.47
167.68	23.47
168.01	23.47
168.35	23.47
168.68	23.47
169.01	23.47
169.35	23.48
169.68	23.48
170.01	23.48
170.35	23.48
170.68	23.49
171.01	23.49
171.35	23.49
171.68	23.49
172.01	23.50
172.35	23.50
172.68	23.50
173.02	23.51
173.35	23.51
173.68	23.52
174.02	23.52
174.35	23.53
174.68	23.53
175.02	23.54
175.35	23.54
175.68	23.54
176.02	23.55
176.35	23.55
176.68	23.56
177.02	23.56
177.35	23.57
177.68	23.57
178.02	23.58
178.35	23.59
178.68	23.59
179.01	23.60
179.35	23.61
179.68	23.61
180.01	23.62
180.35	23.63
180.68	23.63
181.01	23.64
181.35	23.65
181.68	23.65
182.01	23.66
182.35	23.67
182.68	23.68
183.02	23.69
183.35	23.70
183.68	23.71
184.01	23.72
184.35	23.73
184.68	23.74
185.01	23.75
185.35	23.76
185.68	23.77
186.01	23.78
186.35	23.80
186.68	23.81
187.01	23.82
187.35	23.84
187.68	23.85
188.01	23.86
188.34	23.88
188.68	23.89
189.01	23.90
189.34	23.92
189.68	23.93
190.01	23.95
190.34	23.97
190.68	23.98
191.01	24.00
191.34	24.02
191.68	24.04
192.01	24.06
192.34	24.08
192.68	24.11
193.01	24.13
193.34	24.16
193.68	24.18
194.01	24.21
194.34	24.24
194.68	24.27
195.01	24.31
195.34	24.35
195.68	24.39
196.01	24.43
196.34	24.48
196.68	24.54
197.01	24.61
197.34	24.69
197.68	24.81
198.01	24.91
198.34	24.96
198.68	24.97
199.01	24.94
199.34	24.87
199.68	24.79
200.01	24.70
200.34	24.60
200.68	24.49
201.01	24.38
201.34	24.27
201.68	24.16
202.01	24.06
202.34	23.98
202.68	23.91
203.01	23.85
203.34	23.81
203.68	23.78
204.01	23.75
204.34	23.74
204.68	23.72
205.01	23.71
205.35	23.71
205.68	23.70
206.01	23.71
206.35	23.71
206.68	23.71
207.01	23.72
207.35	23.73
207.68	23.74
208.01	23.75
208.34	23.76
208.68	23.76
209.01	23.77
209.34	23.78
209.68	23.79
210.01	23.80
210.34	23.81
210.68	23.82
211.01	23.83
211.34	23.84
211.68	23.85
212.01	23.86
212.34	23.87
212.68	23.88
213.01	23.89
213.34	23.90
213.68	23.91
214.01	23.92
214.34	23.93
214.68	23.94
215.01	23.95
215.34	23.95
215.68	23.96
216.01	23.97
216.34	23.98
216.68	23.99
217.01	24.00
217.34	24.01
217.67	24.01
218.01	24.02
218.34	24.03

