460.544	100.35
461.198	98.4242
461.852	96.3671
462.506	67.2288
463.159	91.0457
463.813	108.863
464.467	103.357
465.121	79.204
465.774	87.3362
466.428	96.2209
467.082	71.0208
467.735	72.4343
468.389	67.532
469.042	82.903
469.696	75.9828
470.349	67.4444
471.003	65.2106
471.656	65.3002
472.31	70.5271
472.963	55.1056
473.616	72.2872
474.27	45.7272
474.923	41.0831
475.576	59.8962
476.229	40.8651
476.882	63.6155
477.535	59.1305
478.188	37.11
478.841	64.2192
479.494	42.665
480.147	50.3652
480.8	34.8801
481.453	48.6385
482.106	57.0161
482.759	45.4549
483.411	45.6356
484.064	34.5977
484.717	42.4661
485.37	30.0127
486.022	60.296
486.675	40.0662
487.327	46.8013
487.98	40.6558
488.632	62.509
489.285	46.281
489.937	40.7795
490.59	25.3174
491.242	31.6232
491.894	59.1769
492.547	33.2562
493.199	40.3973
493.851	39.2388
494.503	51.5249
495.155	45.2173
495.807	44.6188
496.46	37.7561
497.112	38.3283
497.764	50.0541
498.415	48.0038
499.067	44.9048
499.719	29.3746
500.371	57.6174
501.023	50.0429
501.675	45.228
502.327	50.0152
502.978	46.9822
503.63	48.2078
504.282	43.6893
504.933	52.7033
505.585	68.5898
506.236	51.6718
506.888	62.0709
507.539	68.9163
508.191	58.9373
508.842	65.1002
509.493	58.4428
510.145	72.2713
510.796	68.1783
511.447	62.3713
512.098	75.7283
512.75	72.9074
513.401	75.055
514.052	77.8409
514.703	83.8766
515.354	98.0842
516.005	89.0778
516.656	98.0374
517.307	105.764
517.958	110.269
518.609	120.472
519.259	119.434
519.91	121.551
520.561	124.669
521.212	130.844
521.862	137.436
522.513	148.679
523.164	147.085
523.814	164.549
524.465	154.708
525.115	193.689
525.766	175.359
526.416	211.231
527.066	196.276
527.717	207.1
528.367	239.415
529.017	239.375
529.668	244.083
530.318	251.846
530.968	268.607
531.618	273.096
532.268	275.154
532.918	292.654
533.568	315.396
534.218	321.87
534.868	341.791
535.518	340.618
536.168	354.224
536.818	365.306
537.468	401.759
538.117	403.786
538.767	419.361
539.417	429.58
540.067	448.717
540.716	468.045
541.366	480.384
542.015	499.491
542.665	512.574
543.314	532.963
543.964	543.737
544.613	573.061
545.262	590.065
545.912	597.982
546.561	609.313
547.21	638.701
547.86	643.7
548.509	675.648
549.158	689.612
549.807	709.803
550.456	719.326
551.105	752.018
551.754	756.352
552.403	776.734
553.052	786.284
553.701	818.573
554.35	831.895
554.999	859.005
555.647	868.544
556.296	882.224
556.945	878.21
557.593	914.899
558.242	922.124
558.891	930.794
559.539	948.773
560.188	957.686
560.836	953.642
561.485	968.378
562.133	976.206
562.781	1005.89
563.43	1006.99
564.078	1028.76
564.726	1030.62
565.375	1035.09
566.023	1033.9
566.671	1054.17
567.319	1058.17
567.967	1081.59
568.615	1081.65
569.263	1077.12
569.911	1098.47
570.559	1101.05
571.207	1097.99
571.855	1114.2
572.503	1120.47
573.15	1122
573.798	1126.42
574.446	1140
575.093	1138.92
575.741	1146.77
576.389	1139.65
577.036	1161.89
577.684	1150.78
578.331	1170.68
578.979	1159.94
579.626	1170.17
580.273	1173.73
580.921	1177.38
581.568	1177.59
582.215	1170.64
582.863	1191.74
583.51	1186.55
584.157	1195.5
584.804	1191.47
585.451	1203.08
586.098	1205.78
586.745	1215.86
587.392	1207.87
588.039	1207.63
588.686	1205.18
589.333	1219.37
589.979	1229.57
590.626	1222.81
591.273	1216.14
591.92	1233.43
592.566	1240.77
593.213	1243.52
593.859	1244.74
594.506	1237.54
595.152	1249.46
595.799	1242.89
596.445	1247.7
597.092	1260.75
597.738	1264.52
598.384	1264.89
599.031	1267.33
599.677	1260.36
600.323	1274.48
600.969	1273.62
601.615	1287.18
602.261	1276.08
602.907	1287.12
603.554	1276.21
604.199	1270.91
604.845	1271.28
605.491	1266.21
606.137	1264.49
606.783	1265.77
607.429	1271.33
608.074	1273.21
608.72	1253.7
609.366	1248.01
610.011	1256.36
610.657	1259.24
611.303	1257.85
611.948	1255
612.594	1254.81
613.239	1259.76
613.884	1259.72
614.53	1247.23
615.175	1253.56
615.82	1263.31
616.466	1261.94
617.111	1275.22
617.756	1259.27
618.401	1254.11
619.046	1245.45
619.691	1242.89
620.336	1230.15
620.981	1240.3
621.626	1226.26
622.271	1226.58
622.916	1229.6
623.561	1237.96
624.205	1223.87
624.85	1230.36
625.495	1221.55
626.14	1216.74
626.784	1216.37
627.429	1208.79
628.073	1212
628.718	1214.7
629.362	1204.49
630.007	1207.32
630.651	1191.45
631.295	1191.49
631.94	1192.88
632.584	1175.96
633.228	1184.45
633.872	1175.62
634.517	1176.68
635.161	1178.85
635.805	1170.14
636.449	1156.92
637.093	1160.71
637.737	1155.29
638.381	1149.39
639.025	1149.38
639.669	1153.99
640.312	1144.74
640.956	1137.51
641.6	1130.47
642.244	1129.05
642.887	1128.27
643.531	1129.01
644.174	1115.43
644.818	1117.92
645.461	1122.58
646.105	1104
646.748	1112.9
647.392	1108.71
648.035	1091.05
648.678	1096.3
649.322	1088.01
649.965	1090.83
650.608	1086.56
651.251	1077.38
651.894	1085.1
652.537	1077.5
653.18	1058.81
653.823	1060.96
654.466	1052.45
655.109	1054.49
655.752	1051.69
656.395	1050.44
657.038	1034.86
657.68	1048.57
658.323	1037.14
658.966	1033.58
659.608	1025.32
660.251	1026.11
660.894	1022.06
661.536	1019.91
662.179	1010.6
662.821	1015.59
663.463	1008.84
664.106	995.069
664.748	1004.09
665.39	1007.58
666.033	994.453
666.675	994.368
667.317	984.013
667.959	976.837
668.601	976.798
669.243	978.861
669.885	970.607
670.527	960.335
671.169	951.586
671.811	956.584
672.453	951.977
673.095	931.634
673.736	940.879
674.378	928.595
675.02	937.216
675.661	931.234
676.303	913.24
676.945	914.8
677.586	906.59
678.228	901.241
678.869	896.607
679.51	891.126
680.152	887.472
680.793	883.876
681.434	880.927
682.076	890.045
682.717	870.758
683.358	864.484
683.999	857.931
684.64	860.548
685.281	855.331
685.922	849.398
686.563	847.195
687.204	839.47
687.845	832.63
688.486	837.414
689.127	824.352
689.767	821.312
690.408	810.264
691.049	813.711
691.689	804.232
692.33	798.872
692.971	789.491
693.611	787.767
694.252	782.881
694.892	786.537
695.532	766.107
696.173	765.624
696.813	774.576
697.453	769.994
698.094	754.842
698.734	747.661
699.374	751.562
700.014	738.591
700.654	743.014
701.294	739.497
701.934	728.108
702.574	728.041
703.214	731.297
703.854	723.893
704.494	707.77
705.134	715.111
705.773	696.981
706.413	689.437
707.053	702.225
707.692	681.779
708.332	692.286
708.971	684.933
709.611	671.51
710.25	671.482
710.89	659.868
711.529	665.166
712.169	656.316
712.808	649.545
713.447	651.141
714.086	655.882
714.726	637.98
715.365	634.713
716.004	622.526
716.643	640.697
717.282	620.108
717.921	618.78
718.56	621.436
719.199	599.936
719.838	607.576
720.476	602.927
721.115	594.727
721.754	606.121
722.393	587.029
723.031	582.641
723.67	580.15
724.308	589.711
724.947	588.316
725.585	576.02
726.224	584.72
726.862	584.386
727.501	569.543
728.139	553.449
728.777	553.325
729.415	546.848
730.054	534.939
730.692	556.545
731.33	539.534
731.968	546.362
732.606	534.811
733.244	537.084
733.882	529.356
734.52	513.506
735.158	520.311
735.796	526.012
736.433	513.168
737.071	511.996
737.709	509.63
738.346	499.872
738.984	500.008
739.622	497.927
740.259	493.299
740.897	502.797
741.534	488.883
742.172	479.745
742.809	486.999
743.446	481.884
744.084	461.9
744.721	474.808
745.358	468.444
745.995	472.31
746.632	464.852
747.269	469.392
747.906	458.632
748.544	444.311
749.18	442.854
749.817	452.818
750.454	442.966
751.091	446.313
751.728	438.686
752.365	437.23
753.001	430.837
753.638	433.619
754.275	429.516
754.911	432.358
755.548	418.078
756.184	420.303
756.821	422.312
757.457	414.093
758.094	408.936
758.73	396.294
759.366	404.559
760.002	400.475
760.639	384.367
761.275	387.297
761.911	379.819
762.547	389.15
763.183	374.772
763.819	379.132
764.455	381.369
765.091	393.969
765.727	382.273
766.363	380.463
766.998	357.167
767.634	369.249
768.27	349.417
768.906	348.356
769.541	353.757
770.177	354.53
770.812	338.357
771.448	330.473
772.083	332.225
772.719	331.791
773.354	334.511
773.989	335.624
774.625	314.171
775.26	316.082
775.895	323.383
776.53	320.218
777.165	306.421
777.8	307.027
778.435	301.306
779.07	304.913
779.705	299.221
780.34	307.104
780.975	294.825
781.61	293.59
782.245	292.331
782.879	293.385
783.514	289.995
784.149	286.642
784.783	291.301
785.418	280.452
786.052	278.766
786.687	276.875
787.321	271.499
787.956	270.39
788.59	277.86
789.224	277.028
789.859	276.152
790.493	274.814
791.127	277.005
791.761	272.175
792.395	271.058
793.029	255.731
793.663	247.427
794.297	245.959
794.931	252.792
795.565	247.719
796.199	241.201
796.833	252.505
797.467	253.695
798.1	243.058
798.734	250.045
799.368	245.781
800.001	244.793
