600	-0.000187265	-0.100156	0.016217
598	-0.000249732	-0.133018	0.0161505
596	-0.000301876	-0.162849	0.0163571
594	-0.000296267	-0.16353	0.0167365
592	-0.000200133	-0.113955	0.0172649
590	-0.000190403	-0.11231	0.0178852
588	-0.000177881	-0.10909	0.0185954
586	-0.00022314	-0.143131	0.0194494
584	-0.000262377	-0.17278	0.0199672
582	-0.00021389	-0.14979	0.0212345
580	-0.000158491	-0.115955	0.0221837
578	-0.000185912	-0.138773	0.0226333
576	-0.0002131	-0.167668	0.023857
574	-0.00023008	-0.192594	0.0253813
572	-0.00019776	-0.175113	0.0268491
570	-0.00018196	-0.168056	0.0280045
568	-0.00016801	-0.162564	0.0293386
566	-0.000168099	-0.169816	0.0306311
564	-0.000148553	-0.155333	0.0317054
562	-0.000108708	-0.121166	0.0337963
560	-0.00011479	-0.135915	0.0359014
558	-0.00013355	-0.165306	0.0375315
556	-0.000121482	-0.15937	0.0397782
554	-0.000110607	-0.153422	0.0420587
552	-8.96431E-005	-0.133162	0.0450415
550	-8.36102E-005	-0.130307	0.0472561
548	-8.33549E-005	-0.136992	0.0498326
546	-9.56011E-005	-0.166147	0.0526962
544	-8.63638E-005	-0.156821	0.0550582
542	-5.85605E-005	-0.111262	0.0576092
540	-4.32368E-005	-0.0870616	0.0610552
538	-3.60561E-005	-0.0766111	0.0644262
536	-2.93449E-005	-0.0657453	0.0679332
534	-2.79008E-005	-0.0655678	0.0712562
532	-2.13441E-005	-0.0523604	0.0743832
530	-1.11136E-005	-0.0286613	0.0781972
528	-1.22502E-005	-0.0328127	0.0812172
526	-4.28124E-006	-0.0120502	0.0853442
524	4.1006E-006	0.0120408	0.0890342
522	-2.19572E-006	-0.00669825	0.0924982
520	3.20908E-006	0.0102103	0.0964732
518	1.39622E-005	0.0457204	0.0992902
516	2.05419E-005	0.0692567	0.102228
514	1.97644E-005	0.0685477	0.105162
512	1.89735E-005	0.0676708	0.108144
510	2.05911E-005	0.0753163	0.110907
508	2.16114E-005	0.0808631	0.113453
506	2.32708E-005	0.0888586	0.115781
504	2.39394E-005	0.0936729	0.118645
502	2.64995E-005	0.105746	0.120997
500	2.30625E-005	0.0934984	0.122927
498	1.90188E-005	0.0783506	0.124913
496	1.82684E-005	0.0759555	0.126069
494	1.79021E-005	0.0748761	0.12682
492	1.69841E-005	0.0716379	0.127894
490	1.47657E-005	0.0631533	0.129685
488	1.3069E-005	0.0564576	0.130987
486	3.2378E-006	0.0140982	0.132027
484	2.16893E-006	0.0094521	0.132139
482	3.63791E-006	0.0158507	0.132113
480	-4.07588E-006	-0.0178903	0.13309
478	-1.41697E-005	-0.0627718	0.134324
476	-2.41806E-005	-0.107146	0.134356
474	-3.13241E-005	-0.137175	0.132784
472	-3.48574E-005	-0.150393	0.130822
470	-4.37428E-005	-0.18576	0.128764
468	-5.21734E-005	-0.217606	0.126465
466	-5.47726E-005	-0.227036	0.125684
464	-6.03731E-005	-0.250595	0.125857
462	-7.00121E-005	-0.291283	0.126151
460	-7.08717E-005	-0.293326	0.125495
458	-7.64973E-005	-0.31447	0.124647
456	-8.58491E-005	-0.349621	0.123484
454	-8.81501E-005	-0.354864	0.122064
452	-8.89937E-005	-0.352786	0.120199
450	-9.38655E-005	-0.367124	0.118592
448	-0.000102317	-0.397082	0.117674
446	-0.000105187	-0.404488	0.116598
444	-0.000105647	-0.400662	0.114993
442	-0.000110566	-0.409425	0.11228
440	-0.000116354	-0.421313	0.109792
438	-0.00012256	-0.434457	0.107485
436	-0.000125454	-0.436706	0.105549
434	-0.000130448	-0.446562	0.103799
432	-0.000130696	-0.438583	0.101751
430	-0.000134804	-0.442961	0.0996352
428	-0.000131592	-0.422837	0.0974302
426	-0.000131909	-0.412949	0.0949232
424	-0.000136668	-0.417026	0.0925222
422	-0.00013839	-0.411111	0.0900752
420	-0.000143389	-0.417589	0.0883042
418	-0.000150412	-0.429956	0.0866742
416	-0.000147262	-0.41164	0.0847572
414	-0.000150039	-0.410977	0.0830542
412	-0.00014809	-0.397198	0.0813262
410	-0.000143294	-0.376645	0.0796992
408	-0.000140102	-0.36021	0.0779582
406	-0.000149126	-0.375716	0.0763932
404	-0.00015516	-0.384008	0.0750432
402	-0.000158273	-0.38448	0.0736572
400	-0.000160708	-0.383037	0.0722692
398	-0.000163761	-0.381602	0.0706562
396	-0.000161313	-0.371323	0.0697962
394	-0.000156772	-0.358968	0.0694282
392	-0.000146089	-0.333316	0.0691812
390	-0.000142218	-0.320376	0.0683052
388	-0.000140013	-0.316003	0.0684342
386	-0.000145558	-0.327116	0.0681422
384	-0.000149086	-0.330566	0.0672312
382	-0.000154281	-0.339043	0.0666332
380	-0.000142267	-0.311079	0.0663002
378	-0.000131113	-0.285292	0.0659772
376	-0.000144225	-0.308801	0.0649212
374	-0.000137152	-0.289667	0.0640392
372	-0.000126443	-0.264206	0.0633572
370	-0.000119803	-0.247118	0.0625442
368	-0.00011774	-0.241822	0.0622762
366	-0.000118663	-0.243241	0.0621542
364	-0.000108117	-0.220496	0.0618382
362	-8.88648E-005	-0.179832	0.0613602
360	-8.46783E-005	-0.172019	0.0615962
358	-7.46678E-005	-0.153316	0.0622592
356	-6.27741E-005	-0.129617	0.0626082
354	-5.11895E-005	-0.106087	0.0628392
352	-4.10667E-005	-0.0856363	0.0632292
350	-2.49075E-005	-0.0525417	0.0639622
348	-1.1979E-005	-0.0256084	0.0648202
346	-1.04629E-005	-0.0225706	0.0654092
344	4.60122E-007	0.00100192	0.0660252
342	1.18437E-005	0.025844	0.0661642
340	1.49038E-005	0.0327477	0.0666242
338	1.90253E-005	0.0422034	0.0672612
336	2.03978E-005	0.0457505	0.0680082
334	2.31288E-005	0.0523305	0.0686042
332	3.30345E-005	0.0755424	0.0693382
330	4.86418E-005	0.113384	0.0706792
328	5.43175E-005	0.128391	0.0716712
326	5.6607E-005	0.135778	0.0727292
324	6.39669E-005	0.155385	0.0736552
322	6.91109E-005	0.170374	0.0747492
320	7.09676E-005	0.179665	0.0767632
318	6.86179E-005	0.179469	0.0793052
316	6.98563E-005	0.188569	0.0818492
314	8.42851E-005	0.233803	0.0841102
312	8.30405E-005	0.238665	0.0871462
310	7.95498E-005	0.238072	0.0907442
308	7.67864E-005	0.239377	0.0945252
306	7.19594E-005	0.234655	0.0988762
304	8.22756E-005	0.281925	0.103899
302	8.39162E-005	0.299821	0.108334
300	7.72797E-005	0.287464	0.112789
298	7.13585E-005	0.277481	0.117906
296	7.08632E-005	0.288869	0.123603
294	7.05097E-005	0.299462	0.128778
292	6.83562E-005	0.30299	0.1344
290	6.27057E-005	0.291221	0.14082
288	5.73199E-005	0.279492	0.147847
286	5.58626E-005	0.285559	0.154997
284	5.92436E-005	0.317433	0.162465
282	5.49909E-005	0.310055	0.170961
280	5.00479E-005	0.297128	0.180014
278	5.25143E-005	0.327214	0.188931
276	4.89242E-005	0.317962	0.197061
274	4.82998E-005	0.325636	0.204426
272	4.44924E-005	0.309198	0.210717
270	3.89001E-005	0.278267	0.2169
268	3.55055E-005	0.260853	0.222766
266	2.80597E-005	0.210989	0.227995
264	2.53566E-005	0.194227	0.232256
262	2.54172E-005	0.197223	0.235277
260	2.57921E-005	0.202085	0.237573
258	2.19247E-005	0.173041	0.239312
256	2.21552E-005	0.176199	0.241144
254	2.00427E-005	0.160874	0.243376
252	1.95066E-005	0.158669	0.246638
250	2.32368E-005	0.19293	0.251752
248	2.22934E-005	0.190557	0.259178
246	2.09017E-005	0.186246	0.270181
244	1.77904E-005	0.167595	0.285644
242	1.56639E-005	0.158782	0.307363
240	1.80489E-005	0.200661	0.337102
238	1.75158E-005	0.214997	0.372178
236	1.30037E-005	0.177347	0.41353
234	1.33842E-005	0.205063	0.464562
232	1.77331E-005	0.299571	0.51223
230	1.75131E-005	0.32321	0.55959
228	1.912E-005	0.381874	0.605595
226	2.17603E-005	0.46801	0.652139
224	2.20442E-005	0.508941	0.700039
222	2.02388E-005	0.499095	0.747735
220	1.85077E-005	0.483012	0.791324
