600	0
599	-0.1805363
598	-0.0818497
597	-0.1931169
596	-0.17504321
595	0.00388471
594	-0.1406361
593	-0.1621354
592	-0.14338876
591	-0.0698156
590	0.1602113
589	0.08243167
588	-0.05138818
587	-0.1219006
586	-0.02237374
585	-0.2060811
584	-0.285162
583	-0.15840938
582	0.02941017
581	-0.06733579
580	-0.07961369
579	-0.09975255
578	-0.0574649
577	-0.000334
576	0.0406437
575	0.00037764
574	0.07885441
573	0.0548756
572	0.0717743
571	0.1895224
570	0.1362168
569	0.2153763
568	0.3804246
567	0.4325867
566	0.3637179
565	0.1233429
564	0.2160043
563	0.3100915
562	0.5489588
561	0.7118812
560	0.6243511
559	0.4895936
558	0.4707657
557	0.6356494
556	0.8833617
555	0.8382662
554	0.9034747
553	0.9308594
552	1.0710766
551	1.0348154
550	1.0809608
549	1.309981
548	1.450402
547	1.598336
546	1.389308
545	1.414652
544	1.675326
543	2.037425
542	2.309121
541	2.322074
540	2.400036
539	2.819418
538	3.200087
537	3.420847
536	3.383032
535	3.540029
534	3.769671
533	3.913137
532	4.067539
531	4.271705
530	4.387434
529	4.769205
528	5.232302
527	5.282441
526	5.303325
525	5.682599
524	6.259728
523	6.291946
522	6.524869
521	6.945277
520	7.154212
519	7.262926
518	7.59128
517	7.900575
516	8.340835
515	8.773485
514	8.788235
513	9.005693
512	9.314221
511	9.569992
510	9.676394
509	9.994607
508	10.11188
507	10.17642
506	10.40659
505	10.2369
504	10.42594
503	10.85497
502	11.01832
501	10.79979
500	11.07886
499	11.04984
498	11.25135
497	11.53734
496	11.56967
495	11.59552
494	11.56435
493	11.70514
492	11.70862
491	11.42759
490	11.44919
489	11.48958
488	11.60933
487	11.56704
486	11.41093
485	11.39983
484	11.50794
483	11.38084
482	11.05453
481	10.68585
480	10.50307
479	10.39519
478	10.30757
477	10.26575
476	9.828838
475	9.501523
474	9.278856
473	8.807348
472	8.579701
471	8.655268
470	8.204901
469	7.926076
468	7.4142
467	6.967136
466	6.624818
465	6.035004
464	5.70424
463	5.389726
462	4.669876
461	4.011725
460	3.789966
459	3.313802
458	2.690811
457	2.393045
456	1.884187
455	1.499591
454	1.046485
453	0.283994
452	-0.402164
451	-0.6192334
450	-0.8225423
449	-1.1839565
448	-1.608496
447	-2.041366
446	-2.399459
445	-2.583168
444	-2.91602
443	-3.251708
442	-3.699019
441	-3.935066
440	-4.344502
439	-4.762797
438	-4.9016
437	-5.115966
436	-5.573874
435	-5.682218
434	-5.793298
433	-6.233714
432	-6.389426
431	-6.385425
430	-6.506064
429	-6.686907
428	-6.933879
427	-7.010175
426	-7.257947
425	-7.417173
424	-7.405093
423	-7.574464
422	-7.782367
421	-7.659132
420	-7.38186
419	-7.349875
418	-7.537141
417	-7.670204
416	-7.428453
415	-7.330036
414	-7.442481
413	-7.365704
412	-7.296961
411	-7.321213
410	-7.21397
409	-6.95524
408	-6.712562
407	-6.685522
406	-6.571562
405	-6.327588
404	-6.312081
403	-6.062318
402	-5.870885
401	-5.907543
400	-5.750982
399	-5.443382
398	-5.326725
397	-5.183064
396	-5.141821
395	-5.014211
394	-4.81106
393	-4.661553
392	-4.476088
391	-4.325262
390	-4.381651
389	-4.372064
388	-4.235482
387	-3.979143
386	-3.883115
385	-3.903797
384	-3.767932
383	-3.71992
382	-3.532038
381	-3.352191
380	-3.290016
379	-3.263826
378	-3.218525
377	-3.129062
376	-3.013396
375	-3.028042
374	-2.881141
373	-2.657605
372	-2.744898
371	-2.618177
370	-2.466826
369	-2.477459
368	-2.353498
367	-2.095554
366	-2.085485
365	-2.116075
364	-2.004785
363	-1.785527
362	-1.79983
361	-1.920484
360	-1.820149
359	-1.670724
358	-1.483845
357	-1.30111
356	-1.23232
355	-1.203876
354	-1.296521
353	-1.197273
352	-1.127993
351	-1.0573039
350	-0.9809484
349	-0.8344654
348	-0.7699655
347	-0.8360009
346	-0.6957249
345	-0.6452938
344	-0.749557
343	-0.7019333
342	-0.5167081
341	-0.4236755
340	-0.4655292
339	-0.4306863
338	-0.4114135
337	-0.2357757
336	-0.2741684
335	-0.3677037
334	-0.4161063
333	-0.4313258
332	-0.3330176
331	-0.3397259
330	-0.3141211
329	-0.1890463
328	-0.239994
327	-0.2547977
326	-0.278686
325	-0.2879395
324	-0.2573367
323	-0.2302306
322	-0.3263605
321	-0.3532918
320	-0.0965147
319	-0.0412045
318	-0.245208
317	-0.3494245
316	-0.2873672
315	-0.1202865
314	-0.159339
313	-0.0905103
312	-0.0676533
311	-0.1617513
310	-0.1751686
309	-0.1205333
308	-0.0335253
307	-0.0068334
306	0.0344898
305	0.0140614
304	-0.0378826
303	-0.0289989
302	0.0335272
301	0.0710116
300	0.0264651
299	-0.0216507
298	-0.043371
297	0.0554211
296	0.0909502
295	-0.0308082
294	-0.1690304
293	-0.0666136
292	0.2210632
291	0.278304
290	0.262772
289	0.31708
288	0.2544789
287	0.282179
286	0.1569862
285	0.3240708
284	0.4539081
283	0.4184744
282	0.3860634
281	0.4642682
280	0.6861741
279	0.6706298
278	0.4623041
277	0.5462883
276	0.6881713
275	0.7584209
274	0.9230483
273	0.8461857
272	0.7074557
271	0.9580284
270	1.049543
269	1.053347
268	0.9673896
267	0.6660352
266	0.7338416
265	0.8538852
264	0.7393085
263	0.6460812
262	0.618726
261	0.7629034
260	0.8066358
259	0.5881006
258	0.5435824
257	0.6300552
256	0.5851235
255	0.7426427
254	0.7349626
253	0.6093513
252	0.3957336
251	0.1712001
250	0.4597021
249	0.4765486
248	0.1654045
247	0.2610401
246	0.4189571
245	0.5633844
244	0.7604736
243	0.4751571
242	0.5466705
241	0.4159574
240	-0.1367964
239	-0.098873
238	0.277044
237	0.403841
236	0.32834
235	0.429785
234	0.452673
233	0.269373
232	0.15405
231	0.436172
230	0.795896

