460.544	144.561
461.198	142.382
461.852	130.07
462.506	128.493
463.159	147.759
463.813	150.359
464.467	126.167
465.121	124.114
465.774	143.902
466.428	142.142
467.082	118.368
467.735	148.773
468.389	128.064
469.042	118.345
469.696	101.757
470.349	104.477
471.003	104.854
471.656	94.6335
472.31	74.2609
472.963	107.498
473.616	86.8696
474.27	91.4543
474.923	109.939
475.576	76.9646
476.229	117.07
476.882	91.3694
477.535	102.858
478.188	69.3886
478.841	90.9344
479.494	93.8631
480.147	109.073
480.8	100.434
481.453	100.24
482.106	106.423
482.759	103.206
483.411	112.588
484.064	117.254
484.717	125.811
485.37	104.554
486.022	117.286
486.675	104.922
487.327	133.854
487.98	114.831
488.632	118.628
489.285	140.307
489.937	142.638
490.59	142.747
491.242	120.824
491.894	152.859
492.547	157.575
493.199	164.506
493.851	162.633
494.503	175.452
495.155	169.4
495.807	184.397
496.46	173.13
497.112	211.365
497.764	207.107
498.415	204.644
499.067	232.111
499.719	227.923
500.371	256.881
501.023	250.517
501.675	258.061
502.327	284.549
502.978	298.018
503.63	313.169
504.282	317.885
504.933	339.905
505.585	348.128
506.236	377.758
506.888	393.442
507.539	434.934
508.191	448.671
508.842	449.329
509.493	501.482
510.145	512.69
510.796	528.116
511.447	554.288
512.098	591.921
512.75	620.489
513.401	655.532
514.052	691.955
514.703	718.092
515.354	737.09
516.005	787.519
516.656	841.336
517.307	862.097
517.958	912.175
518.609	944.965
519.259	984.487
519.91	1033.53
520.561	1101.02
521.212	1154.06
521.862	1200.11
522.513	1276.94
523.164	1321.84
523.814	1397.94
524.465	1444.96
525.115	1507.95
525.766	1585.54
526.416	1646.82
527.066	1728.04
527.717	1779.44
528.367	1873.91
529.017	1945.82
529.668	2000.62
530.318	2084.88
530.968	2174.35
531.618	2229.47
532.268	2321.51
532.918	2414.01
533.568	2508.87
534.218	2596.79
534.868	2685.96
535.518	2783.85
536.168	2892.07
536.818	2978.85
537.468	3084.16
538.117	3168.06
538.767	3269.34
539.417	3361.45
540.067	3454.01
540.716	3545.94
541.366	3646.31
542.015	3771.37
542.665	3857.96
543.314	3975.82
543.964	4071.09
544.613	4173.7
545.262	4273.34
545.912	4362.79
546.561	4463.35
547.21	4553.48
547.86	4675.44
548.509	4741.32
549.158	4832.23
549.807	4943.21
550.456	5035.8
551.105	5098.22
551.754	5204.14
552.403	5300.08
553.052	5370.03
553.701	5452.82
554.35	5556.79
554.999	5636.88
555.647	5718.16
556.296	5775.36
556.945	5814.26
557.593	5831.08
558.242	5933.04
558.891	5943.25
559.539	5994.36
560.188	5992.61
560.836	6017.8
561.485	6094.44
562.133	6103.54
562.781	6139.66
563.43	6193.66
564.078	6227.81
564.726	6267.92
565.375	6236.85
566.023	6263.98
566.671	6271.9
567.319	6285.16
567.967	6307.64
568.615	6305.12
569.263	6332.41
569.911	6335.32
570.559	6339.28
571.207	6316.52
571.855	6327.69
572.503	6336.03
573.15	6353.06
573.798	6329.51
574.446	6336.65
575.093	6319.13
575.741	6331.75
576.389	6296.01
577.036	6283.87
577.684	6258.53
578.331	6269.89
578.979	6244.54
579.626	6244.29
580.273	6244.84
580.921	6225.65
581.568	6233.1
582.215	6187.08
582.863	6180.12
583.51	6148.73
584.157	6160.49
584.804	6123.89
585.451	6136.61
586.098	6112.71
586.745	6111.6
587.392	6097.96
588.039	6084.65
588.686	6086.66
589.333	6086.14
589.979	6033.59
590.626	6054.65
591.273	6028.52
591.92	6037.34
592.566	6001.43
593.213	5968.61
593.859	5980.56
594.506	5980.37
595.152	5967.08
595.799	5979.36
596.445	5963.97
597.092	5950.52
597.738	5952.1
598.384	5901.21
599.031	5881.34
599.677	5868.04
600.323	5861.41
600.969	5887.57
601.615	5840.12
602.261	5828.05
602.907	5779.05
603.554	5730.72
604.199	5707.03
604.845	5682.1
605.491	5656.56
606.137	5635.78
606.783	5567.43
607.429	5554.99
608.074	5515.88
608.72	5483.1
609.366	5464.5
610.011	5427.72
610.657	5397.43
611.303	5365.38
611.948	5346.43
612.594	5339.16
613.239	5312.64
613.884	5275.76
614.53	5251.59
615.175	5212.56
615.82	5163.81
616.466	5161
617.111	5125.52
617.756	5077.42
618.401	5052.65
619.046	5018.49
619.691	5001.81
620.336	4934.2
620.981	4915.19
621.626	4896.54
622.271	4856.85
622.916	4782.15
623.561	4769.47
624.205	4730.52
624.85	4691.17
625.495	4656.26
626.14	4629.97
626.784	4580.44
627.429	4551.97
628.073	4507.93
628.718	4481.28
629.362	4431.32
630.007	4392.04
630.651	4348.31
631.295	4307.41
631.94	4271.89
632.584	4226.41
633.228	4192.21
633.872	4148.02
634.517	4109.14
635.161	4076.85
635.805	4045.17
636.449	3987.03
637.093	3972.66
637.737	3954.31
638.381	3903.59
639.025	3873.44
639.669	3818.49
640.312	3773.92
640.956	3750.71
641.6	3711.76
642.244	3673.88
642.887	3648.65
643.531	3605.41
644.174	3589.53
644.818	3548.18
645.461	3514.91
646.105	3486.8
646.748	3459.47
647.392	3425.26
648.035	3402.24
648.678	3367.85
649.322	3347.61
649.965	3317.02
650.608	3284.06
651.251	3253.94
651.894	3223.04
652.537	3200.63
653.18	3170.96
653.823	3145.72
654.466	3116.77
655.109	3075.37
655.752	3062.02
656.395	3033.75
657.038	3006.51
657.68	2986.05
658.323	2962.48
658.966	2941.87
659.608	2904.99
660.251	2873.19
660.894	2848.9
661.536	2833.85
662.179	2799.08
662.821	2797.34
663.463	2776.77
664.106	2751.93
664.748	2725.11
665.39	2711.29
666.033	2699.33
666.675	2663.05
667.317	2646.97
667.959	2611.22
668.601	2592.56
669.243	2579.73
669.885	2550.95
670.527	2531.24
671.169	2517.77
671.811	2499.65
672.453	2463.5
673.095	2447.41
673.736	2422.87
674.378	2389.5
675.02	2355.19
675.661	2353.04
676.303	2339.51
676.945	2310.49
677.586	2277.81
678.228	2268.35
678.869	2233.87
679.51	2227.35
680.152	2197.02
680.793	2169.89
681.434	2141.14
682.076	2135.38
682.717	2097.9
683.358	2092.46
683.999	2072.22
684.64	2063.65
685.281	2024.94
685.922	2027.75
686.563	1996.21
687.204	1970.54
687.845	1959.9
688.486	1928.7
689.127	1917.83
689.767	1892.72
690.408	1871.56
691.049	1855.44
691.689	1845.93
692.33	1794.54
692.971	1778.95
693.611	1778.16
694.252	1759.03
694.892	1748.24
695.532	1713.13
696.173	1704.06
696.813	1688.81
697.453	1671.52
698.094	1642.32
698.734	1636.12
699.374	1616.51
700.014	1611.54
700.654	1580.21
701.294	1566.39
701.934	1550.98
702.574	1523.06
703.214	1515.69
703.854	1513.27
704.494	1487.41
705.134	1477.8
705.773	1450.31
706.413	1442.46
707.053	1418.15
707.692	1401.21
708.332	1401.84
708.971	1391.08
709.611	1365.71
710.25	1362.6
710.89	1335.1
711.529	1321.58
712.169	1301.74
712.808	1309.01
713.447	1279.21
714.086	1279.48
714.726	1268.98
715.365	1242.96
716.004	1228.4
716.643	1217.53
717.282	1209.03
717.921	1195.77
718.56	1182.57
719.199	1170.34
719.838	1167.79
720.476	1150.95
721.115	1129.99
721.754	1119.86
722.393	1133.17
723.031	1097.77
723.67	1098.67
724.308	1093.11
724.947	1091.31
725.585	1064.45
726.224	1054.96
726.862	1052.54
727.501	1031.68
728.139	1025.8
728.777	1008.06
729.415	997.533
730.054	1001.06
730.692	989.165
731.33	974.204
731.968	975.335
732.606	955.579
733.244	960.781
733.882	942.059
734.52	929.407
735.158	917.699
735.796	906.089
736.433	898.307
737.071	891.634
737.709	890.353
738.346	862.077
738.984	879.588
739.622	857.141
740.259	861.129
740.897	845.159
741.534	847.933
742.172	835.892
742.809	819.741
743.446	824.026
744.084	815.057
744.721	802.194
745.358	806.974
745.995	794.938
746.632	781.9
747.269	780.646
747.906	783.273
748.544	757.205
749.18	753.131
749.817	743.59
750.454	751.984
751.091	731.152
751.728	730.5
752.365	720.143
753.001	705.748
753.638	712.525
754.275	698.348
754.911	700.44
755.548	680.926
756.184	690.047
756.821	676.341
757.457	672
758.094	656.269
758.73	648.422
759.366	640.64
760.002	646.065
760.639	637
761.275	632.212
761.911	622.473
762.547	614.312
763.183	608.324
763.819	605.094
764.455	601.013
765.091	589.368
765.727	590.315
766.363	577.816
766.998	567.693
767.634	570.178
768.27	567.525
768.906	532.939
769.541	539.429
770.177	536.999
770.812	529.605
771.448	524.921
772.083	504.303
772.719	515.21
773.354	509.368
773.989	503.084
774.625	492.776
775.26	495.174
775.895	485.456
776.53	467.437
777.165	472.981
777.8	465.944
778.435	465.434
779.07	473.499
779.705	451.998
780.34	458.394
780.975	450.316
781.61	445.236
782.245	422.487
782.879	433.01
783.514	447.068
784.149	428.936
784.783	426.441
785.418	413.905
786.052	415.705
786.687	406.536
787.321	406.583
787.956	414.065
788.59	408.036
789.224	389.498
789.859	400.325
790.493	407.17
791.127	377.166
791.761	376.693
792.395	369.514
793.029	382.838
793.663	368.648
794.297	362.363
794.931	365.757
795.565	369.343
796.199	361.142
796.833	366.967
797.467	341.858
798.1	356.449
798.734	336.213
799.368	350.429
800.001	333.747
