3996.24	0.97854
3994.31	0.97864
3992.38	0.97882
3990.45	0.97892
3988.52	0.97905
3986.59	0.97947
3984.66	0.98006
3982.74	0.98019
3980.81	0.97973
3978.88	0.97925
3976.95	0.97893
3975.02	0.97873
3973.09	0.97869
3971.16	0.97871
3969.23	0.97868
3967.31	0.97857
3965.38	0.97833
3963.45	0.97806
3961.52	0.97798
3959.59	0.97797
3957.66	0.97783
3955.73	0.97759
3953.8	0.97712
3951.88	0.97639
3949.95	0.97593
3948.02	0.97606
3946.09	0.97576
3944.16	0.97505
3942.23	0.97568
3940.3	0.97682
3938.38	0.97687
3936.45	0.97637
3934.52	0.9756
3932.59	0.97537
3930.66	0.9764
3928.73	0.97673
3926.8	0.97576
3924.87	0.97577
3922.95	0.97689
3921.02	0.97669
3919.09	0.97591
3917.16	0.97683
3915.23	0.97842
3913.3	0.97864
3911.37	0.97788
3909.45	0.97648
3907.52	0.97369
3905.59	0.97083
3903.66	0.97089
3901.73	0.9732
3899.8	0.97576
3897.87	0.97783
3895.94	0.97726
3894.02	0.97448
3892.09	0.9738
3890.16	0.97595
3888.23	0.9758
3886.3	0.97496
3884.37	0.97608
3882.44	0.97535
3880.51	0.97496
3878.59	0.9766
3876.66	0.97513
3874.73	0.97226
3872.8	0.97084
3870.87	0.9706
3868.94	0.97305
3867.01	0.97412
3865.09	0.97289
3863.16	0.9744
3861.23	0.97672
3859.3	0.97568
3857.37	0.97079
3855.44	0.96346
3853.51	0.96371
3851.58	0.97482
3849.66	0.97954
3847.73	0.97836
3845.8	0.97561
3843.87	0.97298
3841.94	0.97081
3840.01	0.96962
3838.08	0.97266
3836.16	0.97732
3834.23	0.97783
3832.3	0.97684
3830.37	0.97675
3828.44	0.97608
3826.51	0.97512
3824.58	0.97304
3822.65	0.96969
3820.73	0.97132
3818.8	0.97474
3816.87	0.97492
3814.94	0.97745
3813.01	0.97948
3811.08	0.97731
3809.15	0.97332
3807.22	0.97193
3805.3	0.97272
3803.37	0.97069
3801.44	0.97081
3799.51	0.97465
3797.58	0.97556
3795.65	0.97605
3793.72	0.9771
3791.8	0.9769
3789.87	0.97605
3787.94	0.97474
3786.01	0.97368
3784.08	0.97394
3782.15	0.97425
3780.22	0.97497
3778.29	0.97708
3776.37	0.97783
3774.44	0.97624
3772.51	0.97375
3770.58	0.97273
3768.65	0.9742
3766.72	0.97531
3764.79	0.97572
3762.87	0.97506
3760.94	0.97305
3759.01	0.9732
3757.08	0.97468
3755.15	0.97233
3753.22	0.96669
3751.29	0.96485
3749.36	0.97
3747.44	0.97081
3745.51	0.96884
3743.58	0.9738
3741.65	0.97884
3739.72	0.97753
3737.79	0.97376
3735.86	0.97259
3733.93	0.976
3732.01	0.97937
3730.08	0.97926
3728.15	0.97668
3726.22	0.97474
3724.29	0.97505
3722.36	0.97618
3720.43	0.9774
3718.51	0.97783
3716.58	0.97625
3714.65	0.97225
3712.72	0.96878
3710.79	0.97143
3708.86	0.97645
3706.93	0.97745
3705	0.97522
3703.08	0.97314
3701.15	0.97437
3699.22	0.97633
3697.29	0.97625
3695.36	0.97472
3693.43	0.97179
3691.5	0.96942
3689.57	0.9725
3687.65	0.97782
3685.72	0.97783
3683.79	0.97479
3681.86	0.97149
3679.93	0.96805
3678	0.9638
3676.07	0.9634
3674.15	0.96898
3672.22	0.9695
3670.29	0.96862
3668.36	0.97303
3666.43	0.9753
3664.5	0.97411
3662.57	0.97357
3660.64	0.97377
3658.72	0.97226
3656.79	0.97057
3654.86	0.97038
3652.93	0.96801
3651	0.96405
3649.07	0.96534
3647.14	0.97104
3645.22	0.97278
3643.29	0.97121
3641.36	0.96948
3639.43	0.9687
3637.5	0.96804
3635.57	0.96714
3633.64	0.96572
3631.71	0.96245
3629.79	0.96015
3627.86	0.96512
3625.93	0.96925
3624	0.96775
3622.07	0.96418
3620.14	0.96159
3618.21	0.9622
3616.28	0.96267
3614.36	0.9612
3612.43	0.96033
3610.5	0.96006
3608.57	0.96083
3606.64	0.9634
3604.71	0.96425
3602.78	0.96269
3600.86	0.96176
3598.93	0.96154
3597	0.96017
3595.07	0.95936
3593.14	0.95985
3591.21	0.95835
3589.28	0.95567
3587.35	0.95774
3585.43	0.9622
3583.5	0.96209
3581.57	0.95931
3579.64	0.95683
3577.71	0.9553
3575.78	0.95438
3573.85	0.95383
3571.93	0.953
3570	0.95099
3568.07	0.94953
3566.14	0.95179
3564.21	0.95446
3562.28	0.95453
3560.35	0.95344
3558.42	0.95213
3556.5	0.95052
3554.57	0.94917
3552.64	0.94921
3550.71	0.94975
3548.78	0.94955
3546.85	0.95037
3544.92	0.95217
3542.99	0.95188
3541.07	0.94955
3539.14	0.94762
3537.21	0.94712
3535.28	0.94664
3533.35	0.94499
3531.42	0.94306
3529.49	0.94195
3527.57	0.94211
3525.64	0.94321
3523.71	0.94385
3521.78	0.94293
3519.85	0.94119
3517.92	0.94005
3515.99	0.93988
3514.06	0.93959
3512.14	0.9381
3510.21	0.93654
3508.28	0.93609
3506.35	0.93611
3504.42	0.93677
3502.49	0.93783
3500.56	0.93782
3498.64	0.93709
3496.71	0.93637
3494.78	0.93532
3492.85	0.93392
3490.92	0.93271
3488.99	0.93235
3487.06	0.93231
3485.13	0.93122
3483.21	0.93015
3481.28	0.93083
3479.35	0.93134
3477.42	0.92989
3475.49	0.92815
3473.56	0.9277
3471.63	0.92871
3469.7	0.93036
3467.78	0.93072
3465.85	0.92901
3463.92	0.92686
3461.99	0.92609
3460.06	0.92602
3458.13	0.92502
3456.2	0.92357
3454.28	0.92266
3452.35	0.92207
3450.42	0.92153
3448.49	0.92136
3446.56	0.92155
3444.63	0.92136
3442.7	0.92091
3440.77	0.92123
3438.85	0.92264
3436.92	0.92417
3434.99	0.92442
3433.06	0.92363
3431.13	0.92315
3429.2	0.92269
3427.27	0.9214
3425.35	0.91998
3423.42	0.91938
3421.49	0.91965
3419.56	0.92
3417.63	0.92002
3415.7	0.92051
3413.77	0.92161
3411.84	0.92223
3409.92	0.92205
3407.99	0.92145
3406.06	0.92105
3404.13	0.92193
3402.2	0.92382
3400.27	0.92456
3398.34	0.92358
3396.41	0.92277
3394.49	0.92335
3392.56	0.92429
3390.63	0.92381
3388.7	0.92203
3386.77	0.92077
3384.84	0.92071
3382.91	0.92127
3380.99	0.92196
3379.06	0.92244
3377.13	0.92269
3375.2	0.92284
3373.27	0.92351
3371.34	0.92524
3369.41	0.92701
3367.48	0.92727
3365.56	0.92597
3363.63	0.92473
3361.7	0.92458
3359.77	0.92452
3357.84	0.92391
3355.91	0.92377
3353.98	0.92496
3352.06	0.92676
3350.13	0.92743
3348.2	0.9266
3346.27	0.92612
3344.34	0.92693
3342.41	0.92801
3340.48	0.92901
3338.55	0.92969
3336.63	0.92919
3334.7	0.92795
3332.77	0.92726
3330.84	0.92747
3328.91	0.9286
3326.98	0.93023
3325.05	0.9311
3323.12	0.93075
3321.2	0.93005
3319.27	0.92973
3317.34	0.92997
3315.41	0.93061
3313.48	0.93156
3311.55	0.93317
3309.62	0.9355
3307.7	0.93764
3305.77	0.93839
3303.84	0.93738
3301.91	0.93568
3299.98	0.93505
3298.05	0.93617
3296.12	0.93789
3294.19	0.93892
3292.27	0.93889
3290.34	0.93781
3288.41	0.93659
3286.48	0.93623
3284.55	0.93636
3282.62	0.93654
3280.69	0.93691
3278.77	0.93761
3276.84	0.93875
3274.91	0.94027
3272.98	0.94187
3271.05	0.94275
3269.12	0.94198
3267.19	0.9404
3265.26	0.93952
3263.34	0.93934
3261.41	0.93939
3259.48	0.93991
3257.55	0.94098
3255.62	0.94167
3253.69	0.9414
3251.76	0.94114
3249.83	0.94196
3247.91	0.94327
3245.98	0.94355
3244.05	0.94271
3242.12	0.94191
3240.19	0.94167
3238.26	0.94209
3236.33	0.94341
3234.41	0.94495
3232.48	0.94505
3230.55	0.94355
3228.62	0.94215
3226.69	0.94171
3224.76	0.9417
3222.83	0.94175
3220.9	0.942
3218.98	0.94221
3217.05	0.94194
3215.12	0.94149
3213.19	0.94121
3211.26	0.94102
3209.33	0.94099
3207.4	0.94104
3205.47	0.94088
3203.55	0.94054
3201.62	0.94018
3199.69	0.93983
3197.76	0.93957
3195.83	0.93951
3193.9	0.93958
3191.97	0.93961
3190.05	0.9395
3188.12	0.93909
3186.19	0.93847
3184.26	0.93803
3182.33	0.93782
3180.4	0.93761
3178.47	0.93747
3176.54	0.93755
3174.62	0.93762
3172.69	0.93749
3170.76	0.93746
3168.83	0.93774
3166.9	0.93814
3164.97	0.93843
3163.04	0.93874
3161.12	0.93924
3159.19	0.93986
3157.26	0.94082
3155.33	0.94251
3153.4	0.94426
3151.47	0.94455
3149.54	0.94339
3147.61	0.9422
3145.69	0.94168
3143.76	0.94193
3141.83	0.9431
3139.9	0.94429
3137.97	0.94394
3136.04	0.94218
3134.11	0.9408
3132.18	0.94061
3130.26	0.94053
3128.33	0.93936
3126.4	0.93757
3124.47	0.93647
3122.54	0.93644
3120.61	0.93652
3118.68	0.93554
3116.76	0.93321
3114.83	0.92975
3112.9	0.92595
3110.97	0.92302
3109.04	0.92052
3107.11	0.91717
3105.18	0.91342
3103.25	0.91071
3101.33	0.90911
3099.4	0.90709
3097.47	0.90403
3095.54	0.90111
3093.61	0.89916
3091.68	0.89754
3089.75	0.89527
3087.83	0.89238
3085.9	0.88963
3083.97	0.88703
3082.04	0.88449
3080.11	0.88223
3078.18	0.87958
3076.25	0.87592
3074.32	0.87214
3072.4	0.86952
3070.47	0.86835
3068.54	0.86802
3066.61	0.86749
3064.68	0.86664
3062.75	0.86663
3060.82	0.8683
3058.89	0.87204
3056.97	0.87773
3055.04	0.88447
3053.11	0.89153
3051.18	0.89835
3049.25	0.90436
3047.32	0.90956
3045.39	0.91406
3043.47	0.91749
3041.54	0.91938
3039.61	0.91973
3037.68	0.91956
3035.75	0.91974
3033.82	0.91935
3031.89	0.9177
3029.96	0.91535
3028.04	0.91293
3026.11	0.9108
3024.18	0.90868
3022.25	0.90621
3020.32	0.90356
3018.39	0.90064
3016.46	0.89706
3014.54	0.8925
3012.61	0.88646
3010.68	0.87842
3008.75	0.86866
3006.82	0.8581
3004.89	0.84684
3002.96	0.83388
3001.03	0.81859
2999.11	0.80064
2997.18	0.77886
2995.25	0.75223
2993.32	0.72024
2991.39	0.68174
2989.46	0.63606
2987.53	0.58371
2985.6	0.52556
2983.68	0.46284
2981.75	0.39715
2979.82	0.33072
2977.89	0.26691
2975.96	0.20913
2974.03	0.15941
2972.1	0.11875
2970.18	0.0874
2968.25	0.06461
2966.32	0.049
2964.39	0.03914
2962.46	0.03381
2960.53	0.03237
2958.6	0.03491
2956.67	0.04231
2954.75	0.05601
2952.82	0.07714
2950.89	0.10543
2948.96	0.13815
2947.03	0.16964
2945.1	0.19242
2943.17	0.20103
2941.25	0.19506
2939.32	0.17894
2937.39	0.1591
2935.46	0.14115
2933.53	0.12845
2931.6	0.12191
2929.67	0.12067
2927.74	0.12303
2925.82	0.12722
2923.89	0.13168
2921.96	0.13533
2920.03	0.13799
2918.1	0.14027
2916.17	0.14303
2914.24	0.14663
2912.31	0.15041
2910.39	0.1534
2908.46	0.15546
2906.53	0.15739
2904.6	0.16013
2902.67	0.16381
2900.74	0.16772
2898.81	0.17104
2896.89	0.17338
2894.96	0.17471
2893.03	0.17488
2891.1	0.17313
2889.17	0.16824
2887.24	0.15933
2885.31	0.14622
2883.38	0.1295
2881.46	0.11074
2879.53	0.0927
2877.6	0.07866
2875.67	0.07101
2873.74	0.07019
2871.81	0.07476
2869.88	0.08202
2867.96	0.08879
2866.03	0.09271
2864.1	0.09335
2862.17	0.09209
2860.24	0.09082
2858.31	0.09126
2856.38	0.09506
2854.45	0.10361
2852.53	0.11763
2850.6	0.13685
2848.67	0.16007
2846.74	0.18548
2844.81	0.21181
2842.88	0.23891
2840.95	0.2673
2839.02	0.29712
2837.1	0.3282
2835.17	0.3605
2833.24	0.39375
2831.31	0.42705
2829.38	0.45926
2827.45	0.48926
2825.52	0.51611
2823.6	0.53919
2821.67	0.55827
2819.74	0.57338
2817.81	0.58472
2815.88	0.59269
2813.95	0.59779
2812.02	0.60049
2810.09	0.60114
2808.17	0.60056
2806.24	0.6006
2804.31	0.60319
2802.38	0.60936
2800.45	0.61918
2798.52	0.63168
2796.59	0.64538
2794.67	0.65959
2792.74	0.67414
2790.81	0.68843
2788.88	0.70156
2786.95	0.71307
2785.02	0.72329
2783.09	0.73259
2781.16	0.74095
2779.24	0.7486
2777.31	0.75621
2775.38	0.76414
2773.45	0.77234
2771.52	0.78118
2769.59	0.791
2767.66	0.80136
2765.73	0.81132
2763.81	0.82014
2761.88	0.82755
2759.95	0.83362
2758.02	0.8385
2756.09	0.84238
2754.16	0.84555
2752.23	0.84833
2750.31	0.85073
2748.38	0.8525
2746.45	0.8534
2744.52	0.85348
2742.59	0.85301
2740.66	0.85212
2738.73	0.85078
2736.8	0.84899
2734.88	0.84711
2732.95	0.84587
2731.02	0.84593
2729.09	0.8475
2727.16	0.85015
2725.23	0.85309
2723.3	0.85609
2721.37	0.85938
2719.45	0.86322
2717.52	0.86784
2715.59	0.87303
2713.66	0.87818
2711.73	0.8829
2709.8	0.88716
2707.87	0.89103
2705.95	0.89453
2704.02	0.89769
2702.09	0.90072
2700.16	0.90375
2698.23	0.90662
2696.3	0.9092
2694.37	0.91154
2692.44	0.91376
2690.52	0.91591
2688.59	0.91802
2686.66	0.92024
2684.73	0.92275
2682.8	0.9256
2680.87	0.92835
2678.94	0.93048
2677.02	0.93205
2675.09	0.93357
2673.16	0.9354
2671.23	0.93761
2669.3	0.94023
2667.37	0.94327
2665.44	0.94661
2663.51	0.95008
2661.59	0.95356
2659.66	0.95683
2657.73	0.95966
2655.8	0.96195
2653.87	0.96371
2651.94	0.96503
2650.01	0.96613
2648.08	0.96711
2646.16	0.9679
2644.23	0.96862
2642.3	0.96945
2640.37	0.97027
2638.44	0.97081
2636.51	0.97101
2634.58	0.97109
2632.66	0.97123
2630.73	0.97164
2628.8	0.97242
2626.87	0.97332
2624.94	0.97396
2623.01	0.9742
2621.08	0.97426
2619.15	0.97446
2617.23	0.97482
2615.3	0.97512
2613.37	0.97528
2611.44	0.97541
2609.51	0.97558
2607.58	0.97586
2605.65	0.97626
2603.73	0.97671
2601.8	0.97718
2599.87	0.97783
2597.94	0.97747
2596.01	0.97727
2594.08	0.97719
2592.15	0.97717
2590.22	0.97712
2588.3	0.97714
2586.37	0.97738
2584.44	0.97789
2582.51	0.97857
2580.58	0.97926
2578.65	0.97998
2576.72	0.98077
2574.79	0.98149
2572.87	0.98194
2570.94	0.98214
2569.01	0.98216
2567.08	0.98205
2565.15	0.98182
2563.22	0.98143
2561.29	0.98087
2559.37	0.98035
2557.44	0.97994
2555.51	0.97952
2553.58	0.9791
2551.65	0.97876
2549.72	0.9785
2547.79	0.97831
2545.86	0.97817
2543.94	0.97783
2542.01	0.97814
2540.08	0.97845
2538.15	0.97875
2536.22	0.97894
2534.29	0.97911
2532.36	0.97932
2530.44	0.97954
2528.51	0.9797
2526.58	0.97984
2524.65	0.98002
2522.72	0.98017
2520.79	0.98031
2518.86	0.98042
2516.93	0.98042
2515.01	0.98034
2513.08	0.98025
2511.15	0.98008
2509.22	0.9798
2507.29	0.97948
2505.36	0.97918
2503.43	0.97892
2501.5	0.97873
2499.58	0.97862
2497.65	0.97859
2495.72	0.97855
2493.79	0.9784
2491.86	0.97819
2489.93	0.97798
2488	0.97783
2486.08	0.97799
2484.15	0.97815
2482.22	0.97834
2480.29	0.97859
2478.36	0.97888
2476.43	0.97913
2474.5	0.97925
2472.57	0.97922
2470.65	0.97912
2468.72	0.97906
2466.79	0.97899
2464.86	0.97891
2462.93	0.97883
2461	0.97872
2459.07	0.97853
2457.15	0.97828
2455.22	0.97802
2453.29	0.9779
2451.36	0.97794
2449.43	0.97796
2447.5	0.97794
2445.57	0.97793
2443.64	0.97783
2441.72	0.97777
2439.79	0.9776
2437.86	0.97729
2435.93	0.97697
2434	0.97669
2432.07	0.97633
2430.14	0.97581
2428.21	0.97526
2426.29	0.97497
2424.36	0.97502
2422.43	0.97506
2420.5	0.97485
2418.57	0.97463
2416.64	0.97457
2414.71	0.97462
2412.79	0.97467
2410.86	0.97469
2408.93	0.97486
2407	0.97537
2405.07	0.97614
2403.14	0.97698
2401.21	0.97783
2399.28	0.97834
2397.36	0.97866
2395.43	0.97865
2393.5	0.97848
2391.57	0.97836
2389.64	0.97834
2387.71	0.97846
2385.78	0.97881
2383.86	0.97949
2381.93	0.98056
2380	0.98187
2378.07	0.98334
2376.14	0.9849
2374.21	0.98656
2372.28	0.98835
2370.35	0.99021
2368.43	0.99213
2366.5	0.99412
2364.57	0.99597
2362.64	0.99749
2360.71	0.99869
2358.78	0.99958
2356.85	1
2354.92	0.99966
2353	0.99854
2351.07	0.99635
2349.14	0.99337
2347.21	0.99147
2345.28	0.99262
2343.35	0.99558
2341.42	0.99725
2339.5	0.99752
2337.57	0.99729
2335.64	0.99695
2333.71	0.99686
2331.78	0.99719
2329.85	0.99733
2327.92	0.99673
2325.99	0.99586
2324.07	0.99543
2322.14	0.99533
2320.21	0.99474
2318.28	0.99355
2316.35	0.99231
2314.42	0.99144
2312.49	0.9909
2310.57	0.99022
2308.64	0.9892
2306.71	0.98804
2304.78	0.98695
2302.85	0.98607
2300.92	0.98532
2298.99	0.98445
2297.06	0.98339
2295.14	0.9824
2293.21	0.98156
2291.28	0.98075
2289.35	0.98007
2287.42	0.97956
2285.49	0.97913
2283.56	0.97881
2281.63	0.97865
2279.71	0.97857
2277.78	0.97847
2275.85	0.97827
2273.92	0.97783
2271.99	0.97728
2270.06	0.97681
2268.13	0.97656
2266.21	0.97642
2264.28	0.97631
2262.35	0.97637
2260.42	0.97657
2258.49	0.97675
2256.56	0.97693
2254.63	0.97716
2252.7	0.97742
2250.78	0.97759
2248.85	0.97761
2246.92	0.97754
2244.99	0.97751
2243.06	0.97757
2241.13	0.9776
2239.2	0.9776
2237.27	0.97766
2235.35	0.97777
2233.42	0.9779
2231.49	0.97806
2229.56	0.97814
2227.63	0.97806
2225.7	0.97795
2223.77	0.97796
2221.85	0.97803
2219.92	0.97801
2217.99	0.97783
2216.06	0.97764
2214.13	0.97739
2212.2	0.97724
2210.27	0.97724
2208.34	0.97735
2206.42	0.97747
2204.49	0.97759
2202.56	0.97769
2200.63	0.97776
2198.7	0.97778
2196.77	0.97779
2194.84	0.97784
2192.92	0.97783
2190.99	0.97769
2189.06	0.97746
2187.13	0.97719
2185.2	0.97686
2183.27	0.97644
2181.34	0.97603
2179.41	0.9757
2177.49	0.97544
2175.56	0.97521
2173.63	0.97502
2171.7	0.9748
2169.77	0.97455
2167.84	0.97442
2165.91	0.97439
2163.98	0.97436
2162.06	0.97436
2160.13	0.97432
2158.2	0.97418
2156.27	0.97397
2154.34	0.97377
2152.41	0.9736
2150.48	0.9734
2148.56	0.97309
2146.63	0.97279
2144.7	0.97255
2142.77	0.9724
2140.84	0.97236
2138.91	0.97233
2136.98	0.97221
2135.05	0.97198
2133.13	0.97162
2131.2	0.97112
2129.27	0.97056
2127.34	0.96992
2125.41	0.96919
2123.48	0.96845
2121.55	0.96773
2119.63	0.96697
2117.7	0.9662
2115.77	0.96542
2113.84	0.96453
2111.91	0.96352
2109.98	0.96247
2108.05	0.9614
2106.12	0.96027
2104.2	0.9591
2102.27	0.95788
2100.34	0.95657
2098.41	0.95512
2096.48	0.95351
2094.55	0.95185
2092.62	0.95025
2090.69	0.9487
2088.77	0.94728
2086.84	0.9461
2084.91	0.94518
2082.98	0.94452
2081.05	0.94409
2079.12	0.9438
2077.19	0.94368
2075.27	0.94377
2073.34	0.94403
2071.41	0.94445
2069.48	0.94506
2067.55	0.94595
2065.62	0.94711
2063.69	0.94838
2061.76	0.94959
2059.84	0.9507
2057.91	0.95169
2055.98	0.9526
2054.05	0.95354
2052.12	0.95452
2050.19	0.95555
2048.26	0.95663
2046.34	0.95769
2044.41	0.95868
2042.48	0.95966
2040.55	0.96076
2038.62	0.96192
2036.69	0.96313
2034.76	0.96445
2032.83	0.96573
2030.91	0.96678
2028.98	0.96769
2027.05	0.96854
2025.12	0.96919
2023.19	0.96958
2021.26	0.96973
2019.33	0.96976
2017.4	0.97006
2015.48	0.97054
2013.55	0.97079
2011.62	0.97096
2009.69	0.97128
2007.76	0.97173
2005.83	0.97225
2003.9	0.97289
2001.98	0.97363
2000.05	0.97438
1998.12	0.97509
1996.19	0.97562
1994.26	0.97595
1992.33	0.97652
1990.4	0.97728
1988.47	0.97772
1986.55	0.97784
1984.62	0.97783
1982.69	0.9776
1980.76	0.97751
1978.83	0.97749
1976.9	0.97752
1974.97	0.97762
1973.05	0.97773
1971.12	0.97773
1969.19	0.97778
1967.26	0.97829
1965.33	0.97896
1963.4	0.97915
1961.47	0.97908
1959.54	0.97919
1957.62	0.9795
1955.69	0.97996
1953.76	0.98031
1951.83	0.98033
1949.9	0.98011
1947.97	0.9798
1946.04	0.97937
1944.11	0.97907
1942.19	0.97936
1940.26	0.97949
1938.33	0.97887
1936.4	0.97822
1934.47	0.97796
1932.54	0.97791
1930.61	0.9779
1928.69	0.97783
1926.76	0.9774
1924.83	0.97697
1922.9	0.97707
1920.97	0.97709
1919.04	0.97687
1917.11	0.97732
1915.18	0.97766
1913.26	0.97726
1911.33	0.97702
1909.4	0.97744
1907.47	0.97801
1905.54	0.97822
1903.61	0.97829
1901.68	0.97841
1899.76	0.9784
1897.83	0.97822
1895.9	0.97821
1893.97	0.97829
1892.04	0.97794
1890.11	0.97793
1888.18	0.97861
1886.25	0.97877
1884.33	0.97852
1882.4	0.97844
1880.47	0.97836
1878.54	0.97823
1876.61	0.9781
1874.68	0.97783
1872.75	0.97716
1870.82	0.97618
1868.9	0.97675
1866.97	0.97855
1865.04	0.97907
1863.11	0.97863
1861.18	0.97843
1859.25	0.97851
1857.32	0.97857
1855.4	0.97846
1853.47	0.97828
1851.54	0.97804
1849.61	0.97763
1847.68	0.97681
1845.75	0.97631
1843.82	0.97789
1841.89	0.97942
1839.97	0.97883
1838.04	0.978
1836.11	0.97798
1834.18	0.97756
1832.25	0.9764
1830.32	0.97636
1828.39	0.97738
1826.46	0.97746
1824.54	0.97757
1822.61	0.97783
1820.68	0.97742
1818.75	0.97687
1816.82	0.97667
1814.89	0.97629
1812.96	0.97568
1811.04	0.97572
1809.11	0.97626
1807.18	0.97612
1805.25	0.97515
1803.32	0.97405
1801.39	0.97368
1799.46	0.97396
1797.53	0.97347
1795.61	0.97172
1793.68	0.97039
1791.75	0.97144
1789.82	0.97225
1787.89	0.97073
1785.96	0.96899
1784.03	0.96802
1782.11	0.96714
1780.18	0.96656
1778.25	0.96586
1776.32	0.96397
1774.39	0.96178
1772.46	0.96194
1770.53	0.96392
1768.6	0.96459
1766.68	0.96402
1764.75	0.96247
1762.82	0.9613
1760.89	0.96146
1758.96	0.96088
1757.03	0.95964
1755.1	0.95817
1753.17	0.95554
1751.25	0.95317
1749.32	0.95239
1747.39	0.95104
1745.46	0.94814
1743.53	0.94435
1741.6	0.94044
1739.67	0.93711
1737.75	0.93332
1735.82	0.92876
1733.89	0.9264
1731.96	0.92565
1730.03	0.92302
1728.1	0.91992
1726.17	0.91711
1724.24	0.91488
1722.32	0.91282
1720.39	0.90994
1718.46	0.90829
1716.53	0.91071
1714.6	0.91251
1712.67	0.91119
1710.74	0.90865
1708.82	0.90566
1706.89	0.90296
1704.96	0.90069
1703.03	0.89726
1701.1	0.89355
1699.17	0.89177
1697.24	0.89045
1695.31	0.88949
1693.39	0.88782
1691.46	0.88469
1689.53	0.8817
1687.6	0.87849
1685.67	0.8754
1683.74	0.87615
1681.81	0.87681
1679.88	0.874
1677.96	0.87049
1676.03	0.86862
1674.1	0.86862
1672.17	0.86824
1670.24	0.86943
1668.31	0.87328
1666.38	0.87456
1664.46	0.87417
1662.53	0.87575
1660.6	0.87757
1658.67	0.8766
1656.74	0.87339
1654.81	0.87081
1652.88	0.87617
1650.95	0.88079
1649.03	0.87949
1647.1	0.88183
1645.17	0.88824
1643.24	0.89094
1641.31	0.89148
1639.38	0.89152
1637.45	0.89222
1635.53	0.89758
1633.6	0.90273
1631.67	0.90282
1629.74	0.90201
1627.81	0.90266
1625.88	0.90374
1623.95	0.90556
1622.02	0.90843
1620.1	0.90931
1618.17	0.91011
1616.24	0.91547
1614.31	0.92056
1612.38	0.92208
1610.45	0.92341
1608.52	0.92577
1606.59	0.92793
1604.67	0.92939
1602.74	0.93082
1600.81	0.93244
1598.88	0.93387
1596.95	0.93507
1595.02	0.93637
1593.09	0.9375
1591.17	0.93826
1589.24	0.93883
1587.31	0.93909
1585.38	0.93885
1583.45	0.93814
1581.52	0.93681
1579.59	0.93414
1577.66	0.93129
1575.74	0.93097
1573.81	0.93023
1571.88	0.92725
1569.95	0.92575
1568.02	0.92639
1566.09	0.92561
1564.16	0.92355
1562.24	0.92002
1560.31	0.91664
1558.38	0.92116
1556.45	0.92542
1554.52	0.92433
1552.59	0.92275
1550.66	0.92168
1548.73	0.92055
1546.81	0.91829
1544.88	0.91525
1542.95	0.91219
1541.02	0.91122
1539.09	0.91336
1537.16	0.91179
1535.23	0.90694
1533.3	0.90203
1531.38	0.89647
1529.45	0.88791
1527.52	0.87554
1525.59	0.85911
1523.66	0.83873
1521.73	0.81126
1519.8	0.78478
1517.88	0.77073
1515.95	0.7696
1514.02	0.77883
1512.09	0.79378
1510.16	0.81034
1508.23	0.83075
1506.3	0.86303
1504.37	0.88132
1502.45	0.8845
1500.52	0.88408
1498.59	0.8821
1496.66	0.87753
1494.73	0.86905
1492.8	0.85706
1490.87	0.83839
1488.95	0.80728
1487.02	0.76417
1485.09	0.71354
1483.16	0.65509
1481.23	0.5913
1479.3	0.53607
1477.37	0.49726
1475.44	0.47082
1473.52	0.44569
1471.59	0.4096
1469.66	0.36881
1467.73	0.32616
1465.8	0.27855
1463.87	0.24078
1461.94	0.22756
1460.01	0.23072
1458.09	0.2472
1456.16	0.27684
1454.23	0.30256
1452.3	0.32859
1450.37	0.36484
1448.44	0.41468
1446.51	0.46964
1444.59	0.51359
1442.66	0.54691
1440.73	0.57307
1438.8	0.59216
1436.87	0.60868
1434.94	0.62216
1433.01	0.63108
1431.08	0.6404
1429.16	0.65038
1427.23	0.65533
1425.3	0.65461
1423.37	0.65031
1421.44	0.6429
1419.51	0.63166
1417.58	0.61981
1415.66	0.6142
1413.73	0.61651
1411.8	0.62794
1409.87	0.64644
1407.94	0.66602
1406.01	0.68349
1404.08	0.69669
1402.15	0.70268
1400.23	0.70266
1398.3	0.69899
1396.37	0.6923
1394.44	0.68264
1392.51	0.66929
1390.58	0.64767
1388.65	0.60421
1386.72	0.52915
1384.8	0.4447
1382.87	0.37092
1380.94	0.31446
1379.01	0.28521
1377.08	0.28461
1375.15	0.30563
1373.22	0.33917
1371.3	0.37318
1369.37	0.40353
1367.44	0.43204
1365.51	0.45974
1363.58	0.48868
1361.65	0.5132
1359.72	0.52363
1357.79	0.52416
1355.87	0.52357
1353.94	0.52723
1352.01	0.53628
1350.08	0.54894
1348.15	0.56364
1346.22	0.58076
1344.29	0.60016
1342.36	0.61952
1340.44	0.63816
1338.51	0.65708
1336.58	0.67708
1334.65	0.70053
1332.72	0.72837
1330.79	0.7571
1328.86	0.78155
1326.94	0.79824
1325.01	0.80591
1323.08	0.80433
1321.15	0.79454
1319.22	0.78271
1317.29	0.78089
1315.36	0.79569
1313.43	0.81993
1311.51	0.83953
1309.58	0.84714
1307.65	0.84632
1305.72	0.84291
1303.79	0.83791
1301.86	0.82911
1299.93	0.81787
1298.01	0.81023
1296.08	0.81058
1294.15	0.81787
1292.22	0.82801
1290.29	0.83642
1288.36	0.83957
1286.43	0.83634
1284.5	0.82795
1282.58	0.81632
1280.65	0.80342
1278.72	0.791
1276.79	0.77978
1274.86	0.76915
1272.93	0.75746
1271	0.74303
1269.07	0.72468
1267.15	0.70215
1265.22	0.67748
1263.29	0.65616
1261.36	0.6448
1259.43	0.64632
1257.5	0.65736
1255.57	0.67075
1253.65	0.68025
1251.72	0.68343
1249.79	0.68192
1247.86	0.67937
1245.93	0.67886
1244	0.68171
1242.07	0.68762
1240.14	0.69564
1238.22	0.70512
1236.29	0.71583
1234.36	0.72752
1232.43	0.73944
1230.5	0.75071
1228.57	0.76065
1226.64	0.76888
1224.72	0.77539
1222.79	0.78026
1220.86	0.78341
1218.93	0.7844
1217	0.7826
1215.07	0.77748
1213.14	0.76878
1211.21	0.75647
1209.29	0.74072
1207.36	0.72199
1205.43	0.70084
1203.5	0.67807
1201.57	0.65499
1199.64	0.63339
1197.71	0.61494
1195.78	0.59984
1193.86	0.5862
1191.93	0.57159
1190	0.55569
1188.07	0.54098
1186.14	0.52991
1184.21	0.52169
1182.28	0.5142
1180.36	0.50852
1178.43	0.50804
1176.5	0.51489
1174.57	0.52917
1172.64	0.54869
1170.71	0.56916
1168.78	0.58688
1166.85	0.60057
1164.93	0.60993
1163	0.61371
1161.07	0.61105
1159.14	0.60458
1157.21	0.6
1155.28	0.60164
1153.35	0.60909
1151.43	0.61752
1149.5	0.62023
1147.57	0.61273
1145.64	0.59556
1143.71	0.57319
1141.78	0.55075
1139.85	0.53116
1137.92	0.51305
1136	0.49107
1134.07	0.4599
1132.14	0.41889
1130.21	0.37203
1128.28	0.32403
1126.35	0.27779
1124.42	0.2357
1122.49	0.20059
1120.57	0.17355
1118.64	0.15288
1116.71	0.1361
1114.78	0.1219
1112.85	0.10977
1110.92	0.09899
1108.99	0.0886
1107.07	0.07773
1105.14	0.06587
1103.21	0.05315
1101.28	0.0405
1099.35	0.02929
1097.42	0.0206
1095.49	0.01476
1093.56	0.0114
1091.64	0.01
1089.71	0.01021
1087.78	0.01201
1085.85	0.01569
1083.92	0.02182
1081.99	0.03127
1080.06	0.04494
1078.14	0.0633
1076.21	0.08569
1074.28	0.11029
1072.35	0.13478
1070.42	0.15737
1068.49	0.17787
1066.56	0.19783
1064.63	0.22014
1062.71	0.24785
1060.78	0.28291
1058.85	0.32475
1056.92	0.36981
1054.99	0.41291
1053.06	0.44945
1051.13	0.47651
1049.2	0.49263
1047.28	0.49795
1045.35	0.4943
1043.42	0.48394
1041.49	0.46836
1039.56	0.44927
1037.63	0.43032
1035.7	0.41626
1033.78	0.40976
1031.85	0.40975
1029.92	0.41264
1027.99	0.41485
1026.06	0.4142
1024.13	0.41024
1022.2	0.40391
1020.27	0.39649
1018.35	0.38901
1016.42	0.3829
1014.49	0.38032
1012.56	0.38256
1010.63	0.3889
1008.7	0.39767
1006.77	0.40818
1004.85	0.42085
1002.92	0.43533
1000.99	0.44914
999.059	0.45865
997.13	0.46223
995.202	0.462
993.273	0.46233
991.344	0.46695
989.416	0.47716
987.487	0.49146
985.558	0.50606
983.63	0.51642
981.701	0.51947
979.772	0.51544
977.843	0.50682
975.915	0.4956
973.986	0.48329
972.057	0.47407
970.129	0.4753
968.2	0.49226
966.271	0.52237
964.343	0.55537
962.414	0.58038
960.485	0.59317
958.557	0.5967
956.628	0.59701
954.699	0.59969
952.771	0.60865
950.842	0.62533
948.913	0.64795
946.984	0.67208
945.056	0.69364
943.127	0.71156
941.198	0.72716
939.27	0.74154
937.341	0.75441
935.412	0.76477
933.484	0.77219
931.555	0.77721
929.626	0.78061
927.698	0.78288
925.769	0.78436
923.84	0.78542
921.912	0.78627
919.983	0.78652
918.054	0.78527
916.126	0.78214
914.197	0.77812
912.268	0.77595
910.339	0.77852
908.411	0.78566
906.482	0.79381
904.553	0.80051
902.625	0.80701
900.696	0.81515
898.767	0.82467
896.839	0.83432
894.91	0.8432
892.981	0.85052
891.053	0.85542
889.124	0.85697
887.195	0.85498
885.267	0.85063
883.338	0.84566
881.409	0.8412
879.481	0.83756
877.552	0.83447
875.623	0.83173
873.694	0.82945
871.766	0.82745
869.837	0.82487
867.908	0.82046
865.98	0.81356
864.051	0.80408
862.122	0.79128
860.194	0.77353
858.265	0.75006
856.336	0.72312
854.408	0.69647
852.479	0.66975
850.55	0.63695
848.622	0.59287
846.693	0.53931
844.764	0.48476
842.835	0.4397
840.907	0.41062
838.978	0.39815
837.049	0.39966
835.121	0.41163
833.192	0.43038
831.263	0.4522
829.335	0.47479
827.406	0.50032
825.477	0.53504
823.549	0.58271
821.62	0.63936
819.691	0.69519
817.763	0.74057
815.834	0.7704
813.905	0.78464
811.977	0.78648
810.048	0.78022
808.119	0.76927
806.19	0.75609
804.262	0.74363
802.333	0.73633
800.404	0.73809
798.476	0.7494
796.547	0.76758
794.618	0.78904
792.69	0.81048
790.761	0.82938
788.832	0.84473
786.904	0.85669
784.975	0.86504
783.046	0.86769
781.118	0.8611
779.189	0.84311
777.26	0.81643
775.331	0.78978
773.403	0.77405
771.474	0.77598
769.545	0.79517
767.617	0.82523
765.688	0.85755
763.759	0.88529
761.831	0.90517
759.902	0.91717
757.973	0.92319
756.045	0.92505
754.116	0.92377
752.187	0.91997
750.259	0.91412
748.33	0.90643
746.401	0.89719
744.473	0.88766
742.544	0.88025
740.615	0.8768
738.686	0.8768
736.758	0.87749
734.829	0.87565
732.9	0.86983
730.972	0.86122
729.043	0.85221
727.114	0.84411
725.186	0.83689
723.257	0.83094
721.328	0.82779
719.4	0.82936
717.471	0.83639
715.542	0.84719
713.614	0.85874
711.685	0.86833
709.756	0.8737
707.828	0.87283
705.899	0.86449
703.97	0.84861
702.041	0.82698
700.113	0.8033
698.184	0.78177
696.255	0.76475
694.327	0.75289
692.398	0.74903
690.469	0.75888
688.541	0.78419
686.612	0.81798
684.683	0.84952
682.755	0.87232
680.826	0.88581
678.897	0.89295
676.969	0.89745
675.04	0.90172
673.111	0.90593
671.182	0.90968
669.254	0.91481
667.325	0.92082
665.396	0.92335
663.468	0.92525
661.539	0.9285
659.61	0.93182
657.682	0.93427
655.753	0.93635
653.824	0.93949
651.896	0.94502
649.967	0.95256
648.038	0.9605
646.11	0.96752
644.181	0.97324
642.252	0.97783
640.324	0.97911
638.395	0.97974
636.466	0.9799
634.537	0.97989
632.609	0.9794
630.68	0.97783
628.751	0.97468
626.823	0.96958
624.894	0.96161
622.965	0.94953
621.037	0.93367
619.108	0.91621
617.179	0.89975
615.251	0.8874
613.322	0.88191
611.393	0.88327
609.465	0.88824
607.536	0.89285
605.607	0.89528
603.678	0.89592
601.75	0.8958
599.821	0.89571
597.892	0.89576
595.964	0.89536
594.035	0.89342
592.106	0.88888
590.178	0.88156
588.249	0.87306
586.32	0.86614
584.392	0.8628
582.463	0.86303
580.534	0.86551
578.606	0.86848
576.677	0.8711
574.748	0.87379
572.82	0.87658
570.891	0.8789
568.962	0.8806
567.033	0.88199
565.105	0.88276
563.176	0.8822
561.247	0.88022
559.319	0.87723
557.39	0.87375
555.461	0.87011
553.533	0.86622
551.604	0.86181
549.675	0.85639
547.747	0.84988
545.818	0.84309
543.889	0.83647
541.961	0.8298
540.032	0.823
538.103	0.81625
536.175	0.80967
534.246	0.80362
532.317	0.79849
530.388	0.79432
528.46	0.79091
526.531	0.78822
524.602	0.78595
522.674	0.78312
520.745	0.7793
518.816	0.77494
516.888	0.77043
514.959	0.7656
513.03	0.76033
511.102	0.75495
509.173	0.74961
507.244	0.74421
505.316	0.73905
503.387	0.73413
501.458	0.72893
499.529	0.72312
497.601	0.71659
495.672	0.70889
493.743	0.69919
491.815	0.68714
489.886	0.67413
487.957	0.66191
486.029	0.65198
484.1	0.64709
482.171	0.64877
480.243	0.65463
478.314	0.66131
476.385	0.66637
474.457	0.66868
472.528	0.66914
470.599	0.66859
468.671	0.66683
466.742	0.66406
464.813	0.66073
462.884	0.65718
460.956	0.65332
459.027	0.64917
457.098	0.64528
455.17	0.64169
453.241	0.63804
451.312	0.6347
449.384	0.63168
447.455	0.62802
445.526	0.62324
443.598	0.61788
441.669	0.61269
439.74	0.60802
437.812	0.60323
435.883	0.59732
433.954	0.59001
432.026	0.58203
430.097	0.57405
428.168	0.56575
426.239	0.55684
424.311	0.54765
422.382	0.53867
420.453	0.52896
418.525	0.51697
416.596	0.50525
414.667	0.49457
412.739	0.4832
410.81	0.4712
408.881	0.45897
406.953	0.44623
405.024	0.43322
403.095	0.42086
401.167	0.40948
399.238	0.39722
