3996.24	0.961128
3994.31	0.961305
3992.38	0.961465
3990.45	0.961706
3988.52	0.962107
3986.59	0.962621
3984.66	0.963118
3982.74	0.963439
3980.81	0.963648
3978.88	0.963888
3976.95	0.964113
3975.02	0.964274
3973.09	0.964466
3971.16	0.964739
3969.23	0.965012
3967.31	0.965205
3965.38	0.965269
3963.45	0.965285
3961.52	0.965413
3959.59	0.965574
3957.66	0.965622
3955.73	0.965574
3953.8	0.965445
3951.88	0.965221
3949.95	0.965028
3948.02	0.965189
3946.09	0.965445
3944.16	0.965429
3942.23	0.965734
3940.3	0.966585
3938.38	0.967355
3936.45	0.967612
3934.52	0.967355
3932.59	0.967018
3930.66	0.967307
3928.73	0.967917
3926.8	0.968142
3924.87	0.96819
3922.95	0.968414
3921.02	0.968334
3919.09	0.967901
3917.16	0.967965
3915.23	0.968752
3913.3	0.969393
3911.37	0.969458
3909.45	0.968896
3907.52	0.967403
3905.59	0.965156
3903.66	0.963551
3901.73	0.963503
3899.8	0.964707
3897.87	0.966537
3895.94	0.967532
3894.02	0.96689
3892.09	0.966039
3890.16	0.96644
3888.23	0.966681
3886.3	0.96628
3884.37	0.966376
3882.44	0.966392
3880.51	0.966505
3878.59	0.967564
3876.66	0.967837
3874.73	0.966858
3872.8	0.965702
3870.87	0.964996
3868.94	0.965654
3867.01	0.966601
3865.09	0.966649
3863.16	0.967195
3861.23	0.968559
3859.3	0.968912
3857.37	0.96705
3855.44	0.963102
3853.51	0.961128
3851.58	0.964996
3849.66	0.969105
3847.73	0.970677
3845.8	0.970212
3843.87	0.968639
3841.94	0.966826
3840.01	0.965301
3838.08	0.965365
3836.16	0.967211
3834.23	0.968703
3832.3	0.969554
3830.37	0.970517
3828.44	0.971031
3826.51	0.970918
3824.58	0.969971
3822.65	0.968077
3820.73	0.967548
3818.8	0.968784
3816.87	0.969682
3814.94	0.971528
3813.01	0.973759
3811.08	0.974112
3809.15	0.972555
3807.22	0.971031
3805.3	0.970533
3803.37	0.969329
3801.44	0.968479
3799.51	0.969698
3797.58	0.970806
3795.65	0.971673
3793.72	0.972924
3791.8	0.973663
3789.87	0.973695
3787.94	0.973326
3786.01	0.972989
3784.08	0.973117
3782.15	0.973261
3780.22	0.973261
3778.29	0.974064
3776.37	0.975316
3774.44	0.975701
3772.51	0.97485
3770.58	0.973759
3768.65	0.973695
3766.72	0.974273
3764.79	0.974866
3762.87	0.974931
3760.94	0.973984
3759.01	0.973229
3757.08	0.973294
3755.15	0.972363
3753.22	0.969474
3751.29	0.966906
3749.36	0.967692
3747.44	0.968735
3745.51	0.968607
3743.58	0.970726
3741.65	0.974016
3739.72	0.974834
3737.79	0.973358
3735.86	0.971689
3733.93	0.972202
3732.01	0.974706
3730.08	0.976921
3728.15	0.977563
3726.22	0.97729
3724.29	0.977226
3722.36	0.977675
3720.43	0.97867
3718.51	0.979794
3716.58	0.980002
3714.65	0.978461
3712.72	0.975958
3710.79	0.975492
3708.86	0.977739
3706.93	0.979778
3705	0.980002
3703.08	0.97912
3701.15	0.979152
3699.22	0.980147
3697.29	0.980676
3695.36	0.980131
3693.43	0.978349
3691.5	0.97591
3689.57	0.975171
3687.65	0.977065
3685.72	0.978847
3683.79	0.979071
3681.86	0.978092
3679.93	0.976022
3678	0.97286
3676.07	0.970533
3674.15	0.971512
3672.22	0.972619
3670.29	0.972989
3668.36	0.97538
3666.43	0.978189
3664.5	0.979489
3662.57	0.980018
3660.64	0.980147
3658.72	0.9792
3656.79	0.9779
3654.86	0.977466
3652.93	0.976279
3651	0.97339
3649.07	0.972026
3647.14	0.974754
3645.22	0.978076
3643.29	0.979649
3641.36	0.980002
3639.43	0.980066
3637.5	0.979986
3635.57	0.979569
3633.64	0.978542
3631.71	0.976407
3629.79	0.97416
3627.86	0.975155
3625.93	0.977964
3624	0.978943
3622.07	0.977836
3620.14	0.976102
3618.21	0.975813
3616.28	0.976487
3614.36	0.976536
3612.43	0.976407
3610.5	0.976455
3608.57	0.97684
3606.64	0.978044
3604.71	0.979055
3602.78	0.978943
3600.86	0.978349
3598.93	0.977932
3597	0.977434
3595.07	0.977178
3593.14	0.977482
3591.21	0.977274
3589.28	0.976134
3587.35	0.97607
3585.43	0.977659
3583.5	0.97875
3581.57	0.97867
3579.64	0.978205
3577.71	0.977868
3575.78	0.977723
3573.85	0.977691
3571.93	0.977402
3570	0.976134
3568.07	0.974449
3566.14	0.974353
3564.21	0.975701
3562.28	0.976696
3560.35	0.976937
3558.42	0.976857
3556.5	0.9766
3554.57	0.976199
3552.64	0.975974
3550.71	0.975974
3548.78	0.975878
3546.85	0.975942
3544.92	0.976311
3542.99	0.976455
3541.07	0.976166
3539.14	0.975829
3537.21	0.975733
3535.28	0.975524
3533.35	0.974915
3531.42	0.974112
3529.49	0.973406
3527.57	0.973197
3525.64	0.973534
3523.71	0.973807
3521.78	0.973598
3519.85	0.973229
3517.92	0.973069
3515.99	0.973149
3514.06	0.973085
3512.14	0.972571
3510.21	0.971994
3508.28	0.971769
3506.35	0.971769
3504.42	0.971929
3502.49	0.972202
3500.56	0.972266
3498.64	0.972138
3496.71	0.971945
3494.78	0.971656
3492.85	0.971352
3490.92	0.971111
3488.99	0.971063
3487.06	0.971079
3485.13	0.970918
3483.21	0.970774
3481.28	0.971079
3479.35	0.971384
3477.42	0.971111
3475.49	0.970661
3473.56	0.970629
3471.63	0.971159
3469.7	0.971881
3467.78	0.972042
3465.85	0.971384
3463.92	0.970613
3461.99	0.970373
3460.06	0.970373
3458.13	0.97018
3456.2	0.969923
3454.28	0.969795
3452.35	0.96965
3450.42	0.969474
3448.49	0.969329
3446.56	0.969249
3444.63	0.969201
3442.7	0.969153
3440.77	0.96941
3438.85	0.970019
3436.92	0.970533
3434.99	0.970501
3433.06	0.9701
3431.13	0.969811
3429.2	0.969634
3427.27	0.969249
3425.35	0.968768
3423.42	0.968398
3421.49	0.968238
3419.56	0.968206
3417.63	0.968254
3415.7	0.968495
3413.77	0.968864
3411.84	0.969089
3409.92	0.969072
3407.99	0.96888
3406.06	0.968735
3404.13	0.969137
3402.2	0.970035
3400.27	0.970389
3398.34	0.969795
3396.41	0.969233
3394.49	0.969442
3392.56	0.969923
3390.63	0.969843
3388.7	0.969185
3386.77	0.968639
3384.84	0.968463
3382.91	0.968543
3380.99	0.968752
3379.06	0.968896
3377.13	0.968912
3375.2	0.968912
3373.27	0.969137
3371.34	0.969763
3369.41	0.970292
3367.48	0.970148
3365.56	0.969442
3363.63	0.968832
3361.7	0.968655
3359.77	0.968591
3357.84	0.968414
3355.91	0.968302
3353.98	0.968559
3352.06	0.969121
3350.13	0.969393
3348.2	0.969121
3346.27	0.968928
3344.34	0.969153
3342.41	0.969506
3340.48	0.969859
3338.55	0.970035
3336.63	0.969811
3334.7	0.969474
3332.77	0.969393
3330.84	0.969538
3328.91	0.969859
3326.98	0.970324
3325.05	0.970533
3323.12	0.970405
3321.2	0.97026
3319.27	0.970276
3317.34	0.970324
3315.41	0.970373
3313.48	0.970485
3311.55	0.97095
3309.62	0.971881
3307.7	0.972844
3305.77	0.973133
3303.84	0.972555
3301.91	0.971769
3299.98	0.971512
3298.05	0.971865
3296.12	0.972363
3294.19	0.972652
3292.27	0.972603
3290.34	0.972186
3288.41	0.971705
3286.48	0.971496
3284.55	0.971496
3282.62	0.97156
3280.69	0.971608
3278.77	0.971721
3276.84	0.972026
3274.91	0.972507
3272.98	0.973053
3271.05	0.973358
3269.12	0.97294
3267.19	0.972138
3265.26	0.971592
3263.34	0.971384
3261.41	0.971303
3259.48	0.971303
3257.55	0.971432
3255.62	0.971464
3253.69	0.971239
3251.76	0.971047
3249.83	0.971175
3247.91	0.971352
3245.98	0.971143
3244.05	0.970661
3242.12	0.970308
3240.19	0.970132
3238.26	0.970084
3236.33	0.97034
3234.41	0.97071
3232.48	0.970501
3230.55	0.969698
3228.62	0.968992
3226.69	0.968575
3224.76	0.968254
3222.83	0.967933
3220.9	0.967612
3218.98	0.967259
3217.05	0.966842
3215.12	0.96636
3213.19	0.965814
3211.26	0.965253
3209.33	0.964787
3207.4	0.964402
3205.47	0.964017
3203.55	0.963551
3201.62	0.963054
3199.69	0.96246
3197.76	0.961898
3195.83	0.961433
3193.9	0.960984
3191.97	0.960518
3190.05	0.960021
3188.12	0.959427
3186.19	0.958817
3184.26	0.958287
3182.33	0.95779
3180.4	0.957292
3178.47	0.956843
3176.54	0.956522
3174.62	0.956249
3172.69	0.955976
3170.76	0.955719
3168.83	0.955543
3166.9	0.955414
3164.97	0.95535
3163.04	0.955334
3161.12	0.955382
3159.19	0.955479
3157.26	0.955735
3155.33	0.956329
3153.4	0.957019
3151.47	0.957067
3149.54	0.956506
3147.61	0.956008
3145.69	0.955816
3143.76	0.955848
3141.83	0.956153
3139.9	0.956441
3137.97	0.956121
3136.04	0.955286
3134.11	0.954564
3132.18	0.954195
3130.26	0.953874
3128.33	0.953216
3126.4	0.952301
3124.47	0.951514
3122.54	0.951017
3120.61	0.950471
3118.68	0.949348
3116.76	0.947438
3114.83	0.944757
3112.9	0.94158
3110.97	0.938289
3109.04	0.93455
3107.11	0.929783
3105.18	0.924118
3103.25	0.918179
3101.33	0.912418
3099.4	0.907121
3097.47	0.902852
3095.54	0.900284
3093.61	0.89953
3091.68	0.899835
3089.75	0.900316
3087.83	0.900798
3085.9	0.901712
3083.97	0.903333
3082.04	0.905805
3080.11	0.909143
3078.18	0.912915
3076.25	0.916623
3074.32	0.920169
3072.4	0.92362
3070.47	0.92683
3068.54	0.929575
3066.61	0.931484
3064.68	0.932528
3062.75	0.933041
3060.82	0.933314
3058.89	0.933539
3056.97	0.933763
3055.04	0.933956
3053.11	0.934213
3051.18	0.934502
3049.25	0.934646
3047.32	0.934807
3045.39	0.93508
3043.47	0.935112
3041.54	0.93455
3039.61	0.933442
3037.68	0.932255
3035.75	0.931212
3033.82	0.929863
3031.89	0.92797
3029.96	0.925787
3028.04	0.923556
3026.11	0.921229
3024.18	0.918629
3022.25	0.915692
3020.32	0.912514
3018.39	0.909111
3016.46	0.905356
3014.54	0.901038
3012.61	0.895903
3010.68	0.889691
3008.75	0.882597
3006.82	0.874878
3004.89	0.866403
3002.96	0.856758
3001.03	0.845651
2999.11	0.832667
2997.18	0.817019
2995.25	0.797984
2993.32	0.774857
2991.39	0.746513
2989.46	0.711942
2987.53	0.670503
2985.6	0.621824
2983.68	0.566052
2981.75	0.504004
2979.82	0.437463
2977.89	0.369397
2975.96	0.303176
2974.03	0.240984
2972.1	0.184056
2970.18	0.133484
2968.25	0.0900541
2966.32	0.0545846
2964.39	0.0277657
2962.46	0.00980628
2960.53	0.000513586
2958.6	0
2956.67	0.00882726
2954.75	0.0276855
2952.82	0.0565266
2950.89	0.0937455
2948.96	0.135811
2947.03	0.176898
2945.1	0.209928
2943.17	0.229364
2941.25	0.233072
2939.32	0.222479
2937.39	0.201486
2935.46	0.17563
2933.53	0.150866
2931.6	0.132056
2929.67	0.121495
2927.74	0.118847
2925.82	0.121977
2923.89	0.127963
2921.96	0.134126
2920.03	0.138989
2918.1	0.142681
2916.17	0.146436
2914.24	0.151524
2912.31	0.158056
2910.39	0.16515
2908.46	0.171682
2906.53	0.177396
2904.6	0.182853
2902.67	0.188486
2900.74	0.193927
2898.81	0.198132
2896.89	0.200507
2894.96	0.201566
2893.03	0.202224
2891.1	0.202545
2889.17	0.201422
2887.24	0.197345
2885.31	0.189032
2883.38	0.175534
2881.46	0.156403
2879.53	0.13265
2877.6	0.107821
2875.67	0.0875985
2873.74	0.0771181
2871.81	0.0780009
2869.88	0.0876306
2867.96	0.100213
2866.03	0.109731
2864.1	0.113198
2862.17	0.111432
2860.24	0.107356
2858.31	0.10429
2856.38	0.105462
2854.45	0.113567
2852.53	0.130194
2850.6	0.155392
2848.67	0.187796
2846.74	0.225159
2844.81	0.265396
2842.88	0.306868
2840.95	0.348292
2839.02	0.388752
2837.1	0.427913
2835.17	0.46579
2833.24	0.50195
2831.31	0.535317
2829.38	0.564784
2827.45	0.589837
2825.52	0.610654
2823.6	0.627714
2821.67	0.641533
2819.74	0.652736
2817.81	0.662237
2815.88	0.671241
2813.95	0.680566
2812.02	0.690211
2810.09	0.699295
2808.17	0.706871
2806.24	0.712584
2804.31	0.71703
2802.38	0.721315
2800.45	0.726564
2798.52	0.73332
2796.59	0.741393
2794.67	0.750092
2792.74	0.758615
2790.81	0.766174
2788.88	0.772289
2786.95	0.776799
2785.02	0.779928
2783.09	0.782159
2781.16	0.784133
2779.24	0.786653
2777.31	0.790505
2775.38	0.795866
2773.45	0.802446
2771.52	0.809829
2769.59	0.817613
2767.66	0.825301
2765.73	0.832378
2763.81	0.838493
2761.88	0.843645
2759.95	0.848059
2758.02	0.852103
2756.09	0.856068
2754.16	0.859935
2752.23	0.863498
2750.31	0.866436
2748.38	0.868506
2746.45	0.869565
2744.52	0.86971
2742.59	0.86926
2740.66	0.868458
2738.73	0.867463
2736.8	0.866436
2734.88	0.865665
2732.95	0.865601
2731.02	0.866548
2729.09	0.86849
2727.16	0.871042
2725.23	0.873706
2723.3	0.876354
2721.37	0.879051
2719.45	0.881907
2717.52	0.884989
2715.59	0.888327
2713.66	0.891794
2711.73	0.895357
2709.8	0.899048
2707.87	0.902916
2705.95	0.90688
2704.02	0.9107
2702.09	0.914135
2700.16	0.917088
2698.23	0.919576
2696.3	0.921694
2694.37	0.92354
2692.44	0.925225
2690.52	0.926894
2688.59	0.928692
2686.66	0.930762
2684.73	0.933186
2682.8	0.935834
2680.87	0.938482
2678.94	0.94097
2677.02	0.943169
2675.09	0.945175
2673.16	0.947085
2671.23	0.949011
2669.3	0.950985
2667.37	0.952975
2665.44	0.954917
2663.51	0.956827
2661.59	0.95864
2659.66	0.960261
2657.73	0.961561
2655.8	0.962508
2653.87	0.963134
2651.94	0.963487
2650.01	0.96368
2648.08	0.963808
2646.16	0.963921
2644.23	0.964001
2642.3	0.964049
2640.37	0.963985
2638.44	0.963728
2636.51	0.963327
2634.58	0.962909
2632.66	0.96254
2630.73	0.962332
2628.8	0.962284
2626.87	0.9623
2624.94	0.962251
2623.01	0.962107
2621.08	0.961898
2619.15	0.961674
2617.23	0.961449
2615.3	0.961256
2613.37	0.961144
2611.44	0.961144
2609.51	0.961224
2607.58	0.961337
2605.65	0.961481
2603.73	0.961625
2601.8	0.961738
2599.87	0.961786
2597.94	0.961818
2596.01	0.96193
2594.08	0.962203
2592.15	0.962733
2590.22	0.963519
2588.3	0.964498
2586.37	0.965574
2584.44	0.966681
2582.51	0.967853
2580.58	0.969185
2578.65	0.970565
2576.72	0.971945
2574.79	0.973213
2572.87	0.974321
2570.94	0.975268
2569.01	0.976086
2567.08	0.976824
2565.15	0.977499
2563.22	0.978205
2561.29	0.978943
2559.37	0.979697
2557.44	0.980468
2555.51	0.981238
2553.58	0.981976
2551.65	0.982683
2549.72	0.983341
2547.79	0.983902
2545.86	0.984352
2543.94	0.984753
2542.01	0.985138
2540.08	0.985491
2538.15	0.985812
2536.22	0.986069
2534.29	0.986294
2532.36	0.986502
2530.44	0.986727
2528.51	0.986984
2526.58	0.987257
2524.65	0.987546
2522.72	0.98785
2520.79	0.988139
2518.86	0.988428
2516.93	0.988701
2515.01	0.98891
2513.08	0.989054
2511.15	0.98915
2509.22	0.989231
2507.29	0.989295
2505.36	0.989327
2503.43	0.989343
2501.5	0.989295
2499.58	0.989199
2497.65	0.989086
2495.72	0.98899
2493.79	0.988894
2491.86	0.988813
2489.93	0.988717
2488	0.988621
2486.08	0.988557
2484.15	0.988589
2482.22	0.988653
2480.29	0.988733
2478.36	0.988813
2476.43	0.988878
2474.5	0.988878
2472.57	0.988846
2470.65	0.988781
2468.72	0.988733
2466.79	0.988669
2464.86	0.988492
2462.93	0.98822
2461	0.987867
2459.07	0.987417
2457.15	0.986936
2455.22	0.986438
2453.29	0.985925
2451.36	0.985395
2449.43	0.984881
2447.5	0.984384
2445.57	0.983886
2443.64	0.983389
2441.72	0.982939
2439.79	0.982522
2437.86	0.982201
2435.93	0.981976
2434	0.981848
2432.07	0.9818
2430.14	0.981784
2428.21	0.981736
2426.29	0.981687
2424.36	0.981704
2422.43	0.981687
2420.5	0.981607
2418.57	0.981431
2416.64	0.98119
2414.71	0.980949
2412.79	0.980724
2410.86	0.980532
2408.93	0.980436
2407	0.980468
2405.07	0.980628
2403.14	0.980869
2401.21	0.981158
2399.28	0.981447
2397.36	0.981704
2395.43	0.981928
2393.5	0.982185
2391.57	0.98249
2389.64	0.982859
2387.71	0.983228
2385.78	0.983517
2383.86	0.983662
2381.93	0.983565
2380	0.98318
2378.07	0.98257
2376.14	0.9818
2374.21	0.980869
2372.28	0.979794
2370.35	0.978702
2368.43	0.977595
2366.5	0.976391
2364.57	0.975139
2362.64	0.974048
2360.71	0.973245
2358.78	0.97286
2356.85	0.973037
2354.92	0.973952
2353	0.97554
2351.07	0.977194
2349.14	0.978028
2347.21	0.97798
2345.28	0.977755
2343.35	0.977996
2341.42	0.978638
2339.5	0.979376
2337.57	0.980115
2335.64	0.980805
2333.71	0.981383
2331.78	0.981864
2329.85	0.982378
2327.92	0.982891
2325.99	0.983325
2324.07	0.98371
2322.14	0.984191
2320.21	0.984785
2318.28	0.985395
2316.35	0.985876
2314.42	0.986213
2312.49	0.986534
2310.57	0.986904
2308.64	0.987273
2306.71	0.987626
2304.78	0.987947
2302.85	0.98822
2300.92	0.988412
2298.99	0.988557
2297.06	0.988701
2295.14	0.98891
2293.21	0.989183
2291.28	0.98952
2289.35	0.989937
2287.42	0.990386
2285.49	0.990836
2283.56	0.991189
2281.63	0.991365
2279.71	0.99143
2277.78	0.991413
2275.85	0.991365
2273.92	0.991285
2271.99	0.991205
2270.06	0.991157
2268.13	0.991125
2266.21	0.991109
2264.28	0.991109
2262.35	0.991109
2260.42	0.991125
2258.49	0.991141
2256.56	0.991141
2254.63	0.991109
2252.7	0.991076
2250.78	0.99106
2248.85	0.991044
2246.92	0.991076
2244.99	0.991157
2243.06	0.991269
2241.13	0.991446
2239.2	0.991686
2237.27	0.991927
2235.35	0.9922
2233.42	0.992441
2231.49	0.992617
2229.56	0.99273
2227.63	0.99281
2225.7	0.992874
2223.77	0.992922
2221.85	0.992938
2219.92	0.992906
2217.99	0.992794
2216.06	0.992633
2214.13	0.992409
2212.2	0.99212
2210.27	0.991847
2208.34	0.991638
2206.42	0.991526
2204.49	0.991494
2202.56	0.991526
2200.63	0.991558
2198.7	0.991606
2196.77	0.991638
2194.84	0.991638
2192.92	0.991574
2190.99	0.991462
2189.06	0.991285
2187.13	0.99106
2185.2	0.990788
2183.27	0.990451
2181.34	0.990033
2179.41	0.9896
2177.49	0.989167
2175.56	0.988781
2173.63	0.98846
2171.7	0.9883
2169.77	0.988364
2167.84	0.988573
2165.91	0.988862
2163.98	0.98915
2162.06	0.989359
2160.13	0.989423
2158.2	0.989311
2156.27	0.989006
2154.34	0.988525
2152.41	0.987931
2150.48	0.987273
2148.56	0.986615
2146.63	0.985957
2144.7	0.985283
2142.77	0.98456
2140.84	0.98379
2138.91	0.983004
2136.98	0.982217
2135.05	0.981447
2133.13	0.980708
2131.2	0.980034
2129.27	0.979408
2127.34	0.978895
2125.41	0.978542
2123.48	0.978365
2121.55	0.978301
2119.63	0.978317
2117.7	0.978397
2115.77	0.978445
2113.84	0.978478
2111.91	0.978494
2109.98	0.978494
2108.05	0.978461
2106.12	0.978381
2104.2	0.978301
2102.27	0.978237
2100.34	0.97814
2098.41	0.97798
2096.48	0.977771
2094.55	0.977563
2092.62	0.977402
2090.69	0.977258
2088.77	0.977178
2086.84	0.977129
2084.91	0.977081
2082.98	0.977017
2081.05	0.976905
2079.12	0.976744
2077.19	0.976616
2075.27	0.976568
2073.34	0.976616
2071.41	0.976744
2069.48	0.976937
2067.55	0.977161
2065.62	0.977434
2063.69	0.977836
2061.76	0.978253
2059.84	0.978622
2057.91	0.978959
2055.98	0.97928
2054.05	0.979569
2052.12	0.979858
2050.19	0.980131
2048.26	0.980371
2046.34	0.980596
2044.41	0.980821
2042.48	0.98111
2040.55	0.981479
2038.62	0.98188
2036.69	0.982265
2034.76	0.98265
2032.83	0.983036
2030.91	0.983389
2028.98	0.983678
2027.05	0.983934
2025.12	0.984159
2023.19	0.98432
2021.26	0.984384
2019.33	0.984352
2017.4	0.984352
2015.48	0.984496
2013.55	0.984753
2011.62	0.984994
2009.69	0.985234
2007.76	0.985555
2005.83	0.985941
2003.9	0.986358
2001.98	0.986743
2000.05	0.987048
1998.12	0.987305
1996.19	0.987417
1994.26	0.987369
1992.33	0.987337
1990.4	0.987562
1988.47	0.987963
1986.55	0.98838
1984.62	0.98883
1982.69	0.989311
1980.76	0.989857
1978.83	0.990434
1976.9	0.991044
1974.97	0.991638
1973.05	0.992232
1971.12	0.992746
1969.19	0.993131
1967.26	0.993548
1965.33	0.994158
1963.4	0.994784
1961.47	0.995217
1959.54	0.995538
1957.62	0.995875
1955.69	0.996212
1953.76	0.996517
1951.83	0.99671
1949.9	0.996774
1947.97	0.996662
1946.04	0.996341
1944.11	0.995859
1942.19	0.995699
1940.26	0.995956
1938.33	0.99618
1936.4	0.99618
1934.47	0.996164
1932.54	0.996212
1930.61	0.996293
1928.69	0.996405
1926.76	0.996389
1924.83	0.996196
1922.9	0.9961
1920.97	0.996116
1919.04	0.996116
1917.11	0.996469
1915.18	0.997127
1913.26	0.997464
1911.33	0.997432
1909.4	0.99748
1907.47	0.997785
1905.54	0.998122
1903.61	0.998299
1901.68	0.998363
1899.76	0.998315
1897.83	0.998106
1895.9	0.997833
1893.97	0.997641
1892.04	0.997304
1890.11	0.996902
1888.18	0.996935
1886.25	0.997191
1884.33	0.997288
1882.4	0.99732
1880.47	0.997416
1878.54	0.997544
1876.61	0.997689
1874.68	0.997801
1872.75	0.997512
1870.82	0.99663
1868.9	0.9961
1866.97	0.996918
1865.04	0.998138
1863.11	0.99878
1861.18	0.998925
1859.25	0.998941
1857.32	0.998925
1855.4	0.998877
1853.47	0.99878
1851.54	0.998539
1849.61	0.99809
1847.68	0.997288
1845.75	0.996325
1843.82	0.996453
1841.89	0.997769
1839.97	0.998716
1838.04	0.998973
1836.11	0.999165
1834.18	0.999117
1832.25	0.998299
1830.32	0.9974
1828.39	0.997512
1826.46	0.998058
1824.54	0.998636
1822.61	0.999358
1820.68	0.999823
1818.75	0.999936
1816.82	1
1814.89	0.999904
1812.96	0.999438
1811.04	0.998973
1809.11	0.999021
1807.18	0.999278
1805.25	0.999085
1803.32	0.998347
1801.39	0.997448
1799.46	0.997127
1797.53	0.997143
1795.61	0.996533
1793.68	0.995297
1791.75	0.995121
1789.82	0.996341
1787.89	0.997111
1785.96	0.997031
1784.03	0.996742
1782.11	0.996453
1780.18	0.996341
1778.25	0.996405
1776.32	0.995811
1774.39	0.994142
1772.46	0.99297
1770.53	0.993885
1768.6	0.995635
1766.68	0.996726
1764.75	0.996662
1762.82	0.995827
1760.89	0.995426
1758.96	0.995362
1757.03	0.995041
1755.1	0.994495
1753.17	0.993067
1751.25	0.990579
1749.32	0.988476
1747.39	0.987289
1745.46	0.98586
1743.53	0.983421
1741.6	0.980211
1739.67	0.977178
1737.75	0.974545
1735.82	0.971159
1733.89	0.967821
1731.96	0.967098
1730.03	0.9675
1728.1	0.967772
1726.17	0.968013
1724.24	0.968398
1722.32	0.968832
1720.39	0.968431
1718.46	0.967676
1716.53	0.969345
1714.6	0.973245
1712.67	0.976407
1710.74	0.977739
1708.82	0.977145
1706.89	0.975107
1704.96	0.972764
1703.03	0.969795
1701.1	0.964434
1699.17	0.957838
1697.24	0.952429
1695.31	0.948304
1693.39	0.946122
1691.46	0.943506
1689.53	0.938001
1687.6	0.930313
1685.67	0.922465
1683.74	0.91972
1681.81	0.924679
1679.88	0.930698
1677.96	0.93447
1676.03	0.935962
1674.1	0.935946
1672.17	0.934293
1670.24	0.931083
1668.31	0.928563
1666.38	0.927312
1664.46	0.925771
1662.53	0.925113
1660.6	0.926958
1658.67	0.929703
1656.74	0.931147
1654.81	0.931661
1652.88	0.936877
1650.95	0.945111
1649.03	0.949492
1647.1	0.953585
1645.17	0.960261
1643.24	0.965943
1641.31	0.96896
1639.38	0.969634
1637.45	0.968735
1635.53	0.969538
1633.6	0.973261
1631.67	0.975797
1629.74	0.976215
1627.81	0.975958
1625.88	0.975717
1623.95	0.975589
1622.02	0.976182
1620.1	0.976391
1618.17	0.975268
1616.24	0.975075
1614.31	0.976808
1612.38	0.97798
1610.45	0.978108
1608.52	0.978108
1606.59	0.978333
1604.67	0.978429
1602.74	0.978381
1600.81	0.978413
1598.88	0.978526
1596.95	0.978542
1595.02	0.978654
1593.09	0.979039
1591.17	0.979505
1589.24	0.979826
1587.31	0.979954
1585.38	0.979778
1583.45	0.97936
1581.52	0.978654
1579.59	0.977194
1577.66	0.974995
1575.74	0.974128
1573.81	0.974882
1571.88	0.974433
1569.95	0.973085
1568.02	0.972876
1566.09	0.972892
1564.16	0.971705
1562.24	0.968559
1560.31	0.962588
1558.38	0.95787
1556.45	0.958367
1554.52	0.957453
1552.59	0.952188
1550.66	0.94113
1548.73	0.923989
1546.81	0.903061
1544.88	0.880928
1542.95	0.861926
1541.02	0.848749
1539.09	0.841511
1537.16	0.839697
1535.23	0.841912
1533.3	0.851429
1531.38	0.866548
1529.45	0.879339
1527.52	0.887733
1525.59	0.891505
1523.66	0.890269
1521.73	0.885984
1519.8	0.882951
1517.88	0.881795
1515.95	0.880928
1514.02	0.879933
1512.09	0.878489
1510.16	0.876643
1508.23	0.876178
1506.3	0.882806
1504.37	0.893367
1502.45	0.899658
1500.52	0.902001
1498.59	0.902659
1496.66	0.904152
1494.73	0.906174
1492.8	0.905805
1490.87	0.901167
1488.95	0.892275
1487.02	0.879115
1485.09	0.859069
1483.16	0.827034
1481.23	0.779784
1479.3	0.721797
1477.37	0.660263
1475.44	0.603496
1473.52	0.561382
1471.59	0.534932
1469.66	0.512607
1467.73	0.478582
1465.8	0.421782
1463.87	0.358708
1461.94	0.324153
1460.01	0.320044
1458.09	0.333526
1456.16	0.356846
1454.23	0.382638
1452.3	0.413003
1450.37	0.453015
1448.44	0.502881
1446.51	0.556005
1444.59	0.604988
1442.66	0.65211
1440.73	0.697835
1438.8	0.739018
1436.87	0.776542
1434.94	0.804484
1433.01	0.81811
1431.08	0.821208
1429.16	0.814708
1427.23	0.79654
1425.3	0.761263
1423.37	0.705555
1421.44	0.632
1419.51	0.539025
1417.58	0.452357
1415.66	0.406343
1413.73	0.388993
1411.8	0.387164
1409.87	0.401383
1407.94	0.431123
1406.01	0.470637
1404.08	0.509927
1402.15	0.537516
1400.23	0.54737
1398.3	0.539121
1396.37	0.521017
1394.44	0.509317
1392.51	0.518786
1390.58	0.547113
1388.65	0.579839
1386.72	0.599499
1384.8	0.595824
1382.87	0.571701
1380.94	0.536296
1379.01	0.506845
1377.08	0.49744
1375.15	0.50829
1373.22	0.532717
1371.3	0.562152
1369.37	0.590142
1367.44	0.612564
1365.51	0.624408
1363.58	0.621648
1361.65	0.605325
1359.72	0.584108
1357.79	0.5661
1355.87	0.554753
1353.94	0.551672
1352.01	0.557417
1350.08	0.570754
1348.15	0.589837
1346.22	0.614441
1344.29	0.64394
1342.36	0.674724
1340.44	0.703934
1338.51	0.731041
1336.58	0.755822
1334.65	0.777906
1332.72	0.796171
1330.79	0.809331
1328.86	0.817228
1326.94	0.820871
1325.01	0.82185
1323.08	0.821256
1321.15	0.820341
1319.22	0.823872
1317.29	0.837466
1315.36	0.858427
1313.43	0.877173
1311.51	0.887493
1309.58	0.889916
1307.65	0.887765
1305.72	0.883416
1303.79	0.87698
1301.86	0.868458
1299.93	0.860754
1298.01	0.857608
1296.08	0.859422
1294.15	0.864237
1292.22	0.870352
1290.29	0.875744
1288.36	0.877911
1286.43	0.87621
1284.5	0.871892
1282.58	0.865986
1280.65	0.858427
1278.72	0.848653
1276.79	0.836439
1274.86	0.822219
1272.93	0.807598
1271	0.794951
1269.07	0.785706
1267.15	0.778259
1265.22	0.769673
1263.29	0.759273
1261.36	0.750012
1259.43	0.745454
1257.5	0.746642
1255.57	0.752195
1253.65	0.759722
1251.72	0.766062
1249.79	0.768036
1247.86	0.764778
1245.93	0.758968
1244	0.75534
1242.07	0.757475
1240.14	0.766126
1238.22	0.779848
1236.29	0.796106
1234.36	0.811979
1232.43	0.825541
1230.5	0.83676
1228.57	0.846983
1226.64	0.857512
1224.72	0.868634
1222.79	0.87966
1220.86	0.889756
1218.93	0.898519
1217	0.905725
1215.07	0.911037
1213.14	0.914327
1211.21	0.915868
1209.29	0.916205
1207.36	0.915644
1205.43	0.914151
1203.5	0.911406
1201.57	0.907025
1199.64	0.900589
1197.71	0.891425
1195.78	0.878553
1193.86	0.860433
1191.93	0.834465
1190	0.795737
1188.07	0.735712
1186.14	0.644197
1184.21	0.520214
1182.28	0.386168
1180.36	0.283387
1178.43	0.242974
1176.5	0.266262
1174.57	0.334842
1172.64	0.424848
1170.71	0.511997
1168.78	0.579646
1166.85	0.624569
1164.93	0.651291
1163	0.663826
1161.07	0.66503
1159.14	0.660696
1157.21	0.659252
1155.28	0.665816
1153.35	0.678078
1151.43	0.688783
1149.5	0.691062
1147.57	0.682267
1145.64	0.664307
1143.71	0.641581
1141.78	0.618101
1139.85	0.595326
1137.92	0.571589
1136	0.542892
1134.07	0.505497
1132.14	0.458889
1130.21	0.406616
1128.28	0.353909
1126.35	0.304508
1124.42	0.259971
1122.49	0.221019
1120.57	0.188213
1118.64	0.16125
1116.71	0.138877
1114.78	0.119762
1112.85	0.103006
1110.92	0.0879516
1108.99	0.0739403
1107.07	0.0607155
1105.14	0.048566
1103.21	0.038214
1101.28	0.0303979
1099.35	0.0256793
1097.42	0.0243793
1095.49	0.026562
1093.56	0.0321633
1091.64	0.0411832
1089.71	0.0538302
1087.78	0.0706502
1085.85	0.0923331
1083.92	0.119489
1081.99	0.152455
1080.06	0.191375
1078.14	0.236105
1076.21	0.286244
1074.28	0.340957
1072.35	0.398703
1070.42	0.457268
1068.49	0.514212
1066.56	0.567336
1064.63	0.615083
1062.71	0.656588
1060.78	0.69156
1058.85	0.720048
1056.92	0.74226
1054.99	0.758566
1053.06	0.769255
1051.13	0.774552
1049.2	0.774151
1047.28	0.766848
1045.35	0.750927
1043.42	0.725456
1041.49	0.692506
1039.56	0.657502
1037.63	0.62574
1035.7	0.598633
1033.78	0.574783
1031.85	0.553919
1029.92	0.537741
1027.99	0.528047
1026.06	0.523938
1024.13	0.520198
1022.2	0.510167
1020.27	0.492336
1018.35	0.472948
1016.42	0.460366
1014.49	0.458119
1012.56	0.464073
1010.63	0.473783
1008.7	0.482418
1006.77	0.483926
1004.85	0.47083
1002.92	0.438041
1000.99	0.388399
999.059	0.333847
997.13	0.289598
995.202	0.266439
993.273	0.268413
991.344	0.2952
989.416	0.343412
987.487	0.404995
985.558	0.467957
983.63	0.521338
981.701	0.560146
979.772	0.585135
977.843	0.599483
975.915	0.606144
973.986	0.608038
972.057	0.610028
970.129	0.61786
968.2	0.632898
966.271	0.649462
964.343	0.6593
962.414	0.659155
960.485	0.652559
958.557	0.645176
956.628	0.639719
954.699	0.634953
952.771	0.629897
950.842	0.629239
948.913	0.64065
946.984	0.664564
945.056	0.691592
943.127	0.712825
941.198	0.728762
939.27	0.745293
937.341	0.764842
935.412	0.783764
933.484	0.797278
931.555	0.804211
929.626	0.807229
927.698	0.809379
925.769	0.811883
923.84	0.814066
921.912	0.813456
919.983	0.807646
918.054	0.797711
916.126	0.788114
914.197	0.781774
912.268	0.776767
910.339	0.768549
908.411	0.753591
906.482	0.731282
904.553	0.705009
902.625	0.682026
900.696	0.670182
898.767	0.673488
896.839	0.69095
894.91	0.719277
892.981	0.754763
891.053	0.792961
889.124	0.829136
887.195	0.86
885.267	0.884315
883.338	0.902354
881.409	0.915435
879.481	0.925209
877.552	0.932913
875.623	0.939044
873.694	0.94373
871.766	0.946972
869.837	0.948882
867.908	0.949524
865.98	0.949027
864.051	0.94755
862.122	0.945287
860.194	0.942222
858.265	0.938193
856.336	0.932897
854.408	0.925771
852.479	0.915868
850.55	0.90152
848.622	0.879853
846.693	0.846309
844.764	0.794855
842.835	0.720336
840.907	0.623879
838.978	0.518048
837.049	0.42488
835.121	0.366187
833.192	0.354069
831.263	0.388255
829.335	0.458729
827.406	0.550372
825.477	0.647471
823.549	0.736627
821.62	0.808737
819.691	0.860449
817.763	0.893768
815.834	0.9133
813.905	0.923363
811.977	0.927215
810.048	0.927472
808.119	0.926044
806.19	0.923797
804.262	0.92094
802.333	0.918244
800.404	0.916895
798.476	0.917521
796.547	0.920121
794.618	0.924118
792.69	0.927681
790.761	0.928756
788.832	0.926846
786.904	0.92293
784.975	0.917682
783.046	0.91001
781.118	0.897235
779.189	0.877397
777.26	0.852119
775.331	0.827949
773.403	0.813279
771.474	0.813119
769.545	0.826552
767.617	0.848091
765.688	0.870929
763.759	0.890061
761.831	0.903029
759.902	0.909416
757.973	0.910267
756.045	0.907747
754.116	0.904858
752.187	0.904569
750.259	0.907892
748.33	0.913027
746.401	0.917281
744.473	0.919255
742.544	0.919142
740.615	0.917409
738.686	0.91436
736.758	0.910909
734.829	0.908838
732.9	0.908806
730.972	0.909529
729.043	0.909657
727.114	0.908662
725.186	0.906222
723.257	0.901777
721.328	0.894153
719.4	0.881378
717.471	0.861524
715.542	0.834352
713.614	0.803329
711.685	0.775707
709.756	0.758887
707.828	0.756432
705.899	0.76627
703.97	0.781838
702.041	0.796861
700.113	0.809652
698.184	0.82238
696.255	0.836776
694.327	0.852232
692.398	0.866917
690.469	0.879034
688.541	0.887573
686.612	0.89303
684.683	0.896785
682.755	0.899915
680.826	0.902371
678.897	0.903542
676.969	0.902756
675.04	0.898936
673.111	0.890253
671.182	0.875455
669.254	0.850867
667.325	0.821577
665.396	0.808625
663.468	0.809877
661.539	0.818865
659.61	0.832715
657.682	0.847625
655.753	0.86154
653.824	0.8743
651.896	0.885791
649.967	0.895485
648.038	0.903109
646.11	0.908919
644.181	0.913429
642.252	0.91696
640.324	0.919704
638.395	0.921726
636.466	0.923379
634.537	0.924856
632.609	0.926076
630.68	0.927007
628.751	0.927697
626.823	0.928275
624.894	0.92874
622.965	0.928997
621.037	0.928868
619.108	0.928226
617.179	0.92736
615.251	0.926654
613.322	0.926012
611.393	0.924792
609.465	0.922609
607.536	0.920105
605.607	0.918789
603.678	0.919126
601.75	0.919929
599.821	0.920153
597.892	0.919608
595.964	0.918147
594.035	0.915146
592.106	0.909721
590.178	0.902162
588.249	0.894169
586.32	0.887396
584.392	0.882132
582.463	0.878071
580.534	0.876081
578.606	0.877526
576.677	0.882004
574.748	0.887059
572.82	0.890189
570.891	0.890478
568.962	0.888472
567.033	0.884909
565.105	0.880062
563.176	0.873995
561.247	0.868169
559.319	0.86581
557.39	0.869629
555.461	0.879147
553.533	0.890783
551.604	0.900878
549.675	0.907956
547.747	0.912177
545.818	0.914247
543.889	0.914793
541.961	0.914295
540.032	0.913076
538.103	0.911471
536.175	0.910042
534.246	0.909192
532.317	0.908871
530.388	0.908774
528.46	0.908662
526.531	0.908646
524.602	0.908951
522.674	0.909224
520.745	0.909031
518.816	0.90855
516.888	0.908566
514.959	0.909448
513.03	0.910829
511.102	0.912321
509.173	0.913702
507.244	0.914921
505.316	0.916093
503.387	0.917136
501.458	0.918195
499.529	0.919158
497.601	0.919672
495.672	0.919479
493.743	0.918308
491.815	0.916285
489.886	0.913653
487.957	0.909882
486.029	0.903719
484.1	0.893078
482.171	0.874171
480.243	0.840804
478.314	0.783026
476.385	0.691672
474.457	0.574655
472.528	0.476993
470.599	0.466946
468.671	0.555604
466.742	0.681625
464.813	0.779319
462.884	0.832009
460.956	0.856389
459.027	0.868057
457.098	0.874396
455.17	0.877943
453.241	0.879773
451.312	0.880639
449.384	0.880784
447.455	0.879773
445.526	0.87743
443.598	0.874027
441.669	0.870769
439.74	0.868747
437.812	0.867736
435.883	0.867415
433.954	0.867334
432.026	0.866692
430.097	0.865023
428.168	0.862263
426.239	0.858571
424.311	0.853997
422.382	0.848588
420.453	0.842008
418.525	0.834946
416.596	0.829056
414.667	0.822861
412.739	0.814868
410.81	0.805688
408.881	0.796267
406.953	0.786701
405.024	0.777216
403.095	0.76802
401.167	0.758775
399.238	0.748471
