3996	0.992
3994	0.992
3992	0.992
3990	0.992
3988	0.993
3986	0.993
3984	0.993
3982	0.993
3980	0.992
3978	0.992
3976	0.992
3975	0.992
3973	0.991
3971	0.991
3969	0.991
3967	0.991
3965	0.991
3963	0.991
3961	0.990
3959	0.990
3957	0.990
3955	0.990
3953	0.989
3951	0.988
3949	0.987
3948	0.987
3946	0.987
3944	0.987
3942	0.987
3940	0.988
3938	0.988
3936	0.988
3934	0.987
3932	0.987
3930	0.987
3928	0.987
3926	0.987
3924	0.987
3922	0.988
3921	0.987
3919	0.987
3917	0.987
3915	0.989
3913	0.990
3911	0.990
3909	0.989
3907	0.986
3905	0.983
3903	0.981
3901	0.982
3899	0.985
3897	0.987
3895	0.988
3894	0.986
3892	0.985
3890	0.986
3888	0.986
3886	0.985
3884	0.985
3882	0.985
3880	0.985
3878	0.987
3876	0.986
3874	0.984
3872	0.982
3870	0.982
3868	0.984
3867	0.984
3865	0.984
3863	0.985
3861	0.987
3859	0.987
3857	0.983
3855	0.976
3853	0.976
3851	0.985
3849	0.989
3847	0.990
3845	0.988
3843	0.986
3841	0.983
3840	0.982
3838	0.984
3836	0.988
3834	0.989
3832	0.989
3830	0.990
3828	0.990
3826	0.989
3824	0.987
3822	0.984
3820	0.984
3818	0.987
3816	0.988
3814	0.990
3813	0.992
3811	0.991
3809	0.988
3807	0.987
3805	0.987
3803	0.984
3801	0.984
3799	0.986
3797	0.987
3795	0.988
3793	0.990
3791	0.990
3789	0.989
3787	0.988
3786	0.987
3784	0.987
3782	0.987
3780	0.987
3778	0.989
3776	0.990
3774	0.990
3772	0.988
3770	0.987
3768	0.987
3766	0.988
3764	0.989
3762	0.989
3760	0.987
3759	0.987
3757	0.987
3755	0.985
3753	0.980
3751	0.978
3749	0.981
3747	0.981
3745	0.980
3743	0.985
3741	0.988
3739	0.987
3737	0.984
3735	0.982
3733	0.984
3732	0.988
3730	0.990
3728	0.988
3726	0.987
3724	0.987
3722	0.988
3720	0.989
3718	0.990
3716	0.989
3714	0.986
3712	0.983
3710	0.984
3708	0.989
3706	0.991
3705	0.990
3703	0.988
3701	0.989
3699	0.991
3697	0.991
3695	0.990
3693	0.987
3691	0.984
3689	0.985
3687	0.989
3685	0.991
3683	0.990
3681	0.988
3679	0.984
3678	0.980
3676	0.978
3674	0.981
3672	0.982
3670	0.983
3668	0.987
3666	0.990
3664	0.990
3662	0.990
3660	0.990
3658	0.988
3656	0.987
3654	0.986
3652	0.983
3651	0.979
3649	0.978
3647	0.983
3645	0.987
3643	0.987
3641	0.987
3639	0.987
3637	0.987
3635	0.986
3633	0.984
3631	0.981
3629	0.978
3627	0.982
3625	0.985
3624	0.985
3622	0.983
3620	0.980
3618	0.980
3616	0.981
3614	0.980
3612	0.980
3610	0.980
3608	0.981
3606	0.983
3604	0.984
3602	0.983
3600	0.982
3598	0.981
3597	0.980
3595	0.980
3593	0.980
3591	0.979
3589	0.977
3587	0.977
3585	0.981
3583	0.981
3581	0.980
3579	0.979
3577	0.978
3575	0.977
3573	0.977
3571	0.976
3570	0.974
3568	0.971
3566	0.972
3564	0.974
3562	0.975
3560	0.975
3558	0.975
3556	0.974
3554	0.973
3552	0.973
3550	0.973
3548	0.972
3546	0.972
3544	0.973
3542	0.973
3541	0.972
3539	0.971
3537	0.970
3535	0.970
3533	0.969
3531	0.967
3529	0.966
3527	0.965
3525	0.965
3523	0.965
3521	0.965
3519	0.964
3517	0.964
3515	0.964
3514	0.963
3512	0.962
3510	0.960
3508	0.959
3506	0.959
3504	0.959
3502	0.959
3500	0.959
3498	0.958
3496	0.958
3494	0.957
3492	0.956
3490	0.955
3488	0.954
3487	0.954
3485	0.953
3483	0.952
3481	0.952
3479	0.952
3477	0.952
3475	0.951
3473	0.950
3471	0.951
3469	0.951
3467	0.951
3465	0.950
3463	0.949
3461	0.948
3460	0.948
3458	0.948
3456	0.947
3454	0.947
3452	0.947
3450	0.946
3448	0.946
3446	0.946
3444	0.946
3442	0.946
3440	0.946
3438	0.947
3436	0.948
3434	0.948
3433	0.948
3431	0.948
3429	0.947
3427	0.947
3425	0.946
3423	0.945
3421	0.945
3419	0.946
3417	0.946
3415	0.947
3413	0.947
3411	0.948
3409	0.947
3407	0.947
3406	0.947
3404	0.947
3402	0.949
3400	0.949
3398	0.948
3396	0.948
3394	0.948
3392	0.949
3390	0.949
3388	0.948
3386	0.947
3384	0.947
3382	0.947
3380	0.948
3379	0.948
3377	0.948
3375	0.948
3373	0.949
3371	0.950
3369	0.950
3367	0.950
3365	0.950
3363	0.949
3361	0.949
3359	0.949
3357	0.949
3355	0.949
3353	0.950
3352	0.951
3350	0.951
3348	0.951
3346	0.951
3344	0.951
3342	0.952
3340	0.952
3338	0.952
3336	0.952
3334	0.952
3332	0.952
3330	0.952
3328	0.953
3326	0.954
3325	0.954
3323	0.954
3321	0.954
3319	0.954
3317	0.954
3315	0.955
3313	0.955
3311	0.956
3309	0.958
3307	0.959
3305	0.960
3303	0.959
3301	0.959
3299	0.958
3298	0.959
3296	0.960
3294	0.961
3292	0.961
3290	0.961
3288	0.960
3286	0.960
3284	0.961
3282	0.961
3280	0.961
3278	0.962
3276	0.962
3274	0.963
3272	0.964
3271	0.965
3269	0.965
3267	0.964
3265	0.963
3263	0.963
3261	0.963
3259	0.963
3257	0.964
3255	0.964
3253	0.964
3251	0.964
3249	0.965
3247	0.965
3245	0.965
3244	0.965
3242	0.964
3240	0.964
3238	0.964
3236	0.965
3234	0.966
3232	0.966
3230	0.965
3228	0.964
3226	0.963
3224	0.963
3222	0.963
3220	0.963
3218	0.963
3217	0.963
3215	0.962
3213	0.962
3211	0.961
3209	0.961
3207	0.961
3205	0.961
3203	0.960
3201	0.960
3199	0.959
3197	0.958
3195	0.958
3193	0.958
3191	0.958
3190	0.957
3188	0.957
3186	0.956
3184	0.956
3182	0.955
3180	0.955
3178	0.954
3176	0.954
3174	0.954
3172	0.954
3170	0.954
3168	0.954
3166	0.955
3164	0.955
3163	0.955
3161	0.956
3159	0.956
3157	0.957
3155	0.958
3153	0.959
3151	0.959
3149	0.959
3147	0.958
3145	0.958
3143	0.958
3141	0.959
3139	0.960
3137	0.959
3136	0.958
3134	0.958
3132	0.957
3130	0.957
3128	0.956
3126	0.955
3124	0.954
3122	0.954
3120	0.954
3118	0.953
3116	0.951
3114	0.949
3112	0.947
3110	0.944
3109	0.942
3107	0.940
3105	0.937
3103	0.934
3101	0.931
3099	0.928
3097	0.924
3095	0.919
3093	0.915
3091	0.911
3089	0.906
3087	0.900
3085	0.894
3083	0.887
3082	0.880
3080	0.874
3078	0.867
3076	0.859
3074	0.852
3072	0.845
3070	0.839
3068	0.834
3066	0.829
3064	0.824
3062	0.821
3060	0.821
3058	0.824
3056	0.832
3055	0.842
3053	0.854
3051	0.866
3049	0.877
3047	0.887
3045	0.895
3043	0.901
3041	0.905
3039	0.907
3037	0.908
3035	0.908
3033	0.907
3031	0.906
3029	0.904
3028	0.901
3026	0.898
3024	0.895
3022	0.891
3020	0.886
3018	0.882
3016	0.876
3014	0.869
3012	0.860
3010	0.850
3008	0.839
3006	0.826
3004	0.812
3002	0.795
3001	0.776
2999	0.754
2997	0.728
2995	0.697
2993	0.661
2991	0.619
2989	0.571
2987	0.517
2985	0.459
2983	0.398
2981	0.336
2979	0.274
2977	0.217
2975	0.167
2974	0.124
2972	0.090
2970	0.064
2968	0.046
2966	0.034
2964	0.026
2962	0.022
2960	0.020
2958	0.022
2956	0.027
2954	0.036
2952	0.051
2950	0.070
2948	0.093
2947	0.115
2945	0.129
2943	0.132
2941	0.125
2939	0.110
2937	0.094
2935	0.080
2933	0.069
2931	0.063
2929	0.060
2927	0.059
2925	0.060
2923	0.062
2921	0.065
2920	0.068
2918	0.072
2916	0.077
2914	0.081
2912	0.086
2910	0.090
2908	0.093
2906	0.096
2904	0.099
2902	0.103
2900	0.107
2898	0.110
2896	0.113
2894	0.115
2893	0.116
2891	0.116
2889	0.114
2887	0.108
2885	0.100
2883	0.088
2881	0.075
2879	0.062
2877	0.053
2875	0.047
2873	0.047
2871	0.050
2869	0.054
2867	0.058
2866	0.059
2864	0.058
2862	0.056
2860	0.053
2858	0.052
2856	0.054
2854	0.059
2852	0.068
2850	0.083
2848	0.101
2846	0.123
2844	0.147
2842	0.172
2840	0.200
2839	0.229
2837	0.261
2835	0.294
2833	0.329
2831	0.364
2829	0.398
2827	0.430
2825	0.459
2823	0.484
2821	0.504
2819	0.519
2817	0.530
2815	0.537
2813	0.540
2812	0.540
2810	0.538
2808	0.535
2806	0.533
2804	0.535
2802	0.541
2800	0.552
2798	0.567
2796	0.585
2794	0.604
2792	0.624
2790	0.643
2788	0.660
2786	0.676
2785	0.689
2783	0.701
2781	0.711
2779	0.719
2777	0.727
2775	0.735
2773	0.744
2771	0.754
2769	0.765
2767	0.777
2765	0.789
2763	0.800
2761	0.809
2759	0.817
2758	0.823
2756	0.828
2754	0.832
2752	0.835
2750	0.838
2748	0.840
2746	0.841
2744	0.842
2742	0.842
2740	0.841
2738	0.838
2736	0.836
2734	0.833
2732	0.831
2731	0.830
2729	0.831
2727	0.834
2725	0.836
2723	0.840
2721	0.843
2719	0.848
2717	0.853
2715	0.859
2713	0.865
2711	0.871
2709	0.876
2707	0.880
2705	0.884
2704	0.888
2702	0.891
2700	0.894
2698	0.897
2696	0.900
2694	0.903
2692	0.905
2690	0.907
2688	0.909
2686	0.911
2684	0.913
2682	0.916
2680	0.918
2678	0.919
2677	0.921
2675	0.923
2673	0.926
2671	0.929
2669	0.933
2667	0.938
2665	0.943
2663	0.948
2661	0.953
2659	0.957
2657	0.962
2655	0.965
2653	0.968
2651	0.970
2650	0.972
2648	0.973
2646	0.974
2644	0.975
2642	0.976
2640	0.977
2638	0.978
2636	0.979
2634	0.979
2632	0.980
2630	0.981
2628	0.982
2626	0.983
2624	0.984
2623	0.984
2621	0.985
2619	0.985
2617	0.986
2615	0.986
2613	0.987
2611	0.987
2609	0.987
2607	0.988
2605	0.988
2603	0.988
2601	0.989
2599	0.990
2597	0.989
2596	0.989
2594	0.989
2592	0.989
2590	0.989
2588	0.989
2586	0.989
2584	0.990
2582	0.991
2580	0.992
2578	0.993
2576	0.994
2574	0.995
2572	0.996
2570	0.996
2569	0.996
2567	0.996
2565	0.995
2563	0.994
2561	0.994
2559	0.993
2557	0.992
2555	0.992
2553	0.991
2551	0.991
2549	0.991
2547	0.991
2545	0.990
2543	0.990
2542	0.991
2540	0.991
2538	0.991
2536	0.992
2534	0.992
2532	0.992
2530	0.992
2528	0.992
2526	0.993
2524	0.993
2522	0.993
2520	0.993
2518	0.993
2516	0.993
2515	0.993
2513	0.993
2511	0.993
2509	0.993
2507	0.993
2505	0.992
2503	0.992
2501	0.992
2499	0.992
2497	0.991
2495	0.991
2493	0.991
2491	0.991
2489	0.990
2488	0.990
2486	0.990
2484	0.991
2482	0.991
2480	0.991
2478	0.991
2476	0.992
2474	0.992
2472	0.992
2470	0.992
2468	0.992
2466	0.992
2464	0.992
2462	0.992
2461	0.992
2459	0.991
2457	0.991
2455	0.991
2453	0.991
2451	0.990
2449	0.990
2447	0.990
2445	0.990
2443	0.990
2441	0.990
2439	0.990
2437	0.989
2435	0.988
2434	0.988
2432	0.987
2430	0.987
2428	0.986
2426	0.985
2424	0.985
2422	0.985
2420	0.985
2418	0.985
2416	0.985
2414	0.985
2412	0.985
2410	0.986
2408	0.986
2407	0.987
2405	0.988
2403	0.989
2401	0.990
2399	0.991
2397	0.991
2395	0.991
2393	0.991
2391	0.991
2389	0.991
2387	0.991
2385	0.990
2383	0.990
2381	0.990
2380	0.990
2378	0.990
2376	0.990
2374	0.991
2372	0.991
2370	0.991
2368	0.991
2366	0.991
2364	0.992
2362	0.992
2360	0.992
2358	0.993
2356	0.994
2354	0.995
2353	0.996
2351	0.996
2349	0.996
2347	0.995
2345	0.995
2343	0.996
2341	0.997
2339	0.998
2337	0.999
2335	0.999
2333	0.999
2331	0.999
2329	1
2327	0.999
2325	0.999
2324	0.999
2322	0.999
2320	0.999
2318	0.999
2316	0.999
2314	0.999
2312	0.999
2310	0.999
2308	0.999
2306	0.998
2304	0.998
2302	0.998
2300	0.997
2298	0.996
2297	0.996
2295	0.995
2293	0.994
2291	0.994
2289	0.993
2287	0.993
2285	0.993
2283	0.993
2281	0.993
2279	0.992
2277	0.992
2275	0.992
2273	0.991
2271	0.991
2270	0.990
2268	0.990
2266	0.990
2264	0.990
2262	0.990
2260	0.990
2258	0.991
2256	0.991
2254	0.991
2252	0.992
2250	0.992
2248	0.992
2246	0.992
2244	0.992
2243	0.992
2241	0.992
2239	0.992
2237	0.992
2235	0.992
2233	0.992
2231	0.992
2229	0.992
2227	0.992
2225	0.992
2223	0.992
2221	0.992
2219	0.992
2217	0.991
2216	0.991
2214	0.991
2212	0.990
2210	0.990
2208	0.990
2206	0.990
2204	0.990
2202	0.990
2200	0.990
2198	0.990
2196	0.990
2194	0.990
2192	0.990
2190	0.990
2189	0.989
2187	0.989
2185	0.989
2183	0.988
2181	0.988
2179	0.987
2177	0.987
2175	0.986
2173	0.986
2171	0.986
2169	0.986
2167	0.986
2165	0.985
2163	0.985
2162	0.985
2160	0.985
2158	0.985
2156	0.985
2154	0.985
2152	0.984
2150	0.984
2148	0.984
2146	0.984
2144	0.984
2142	0.984
2140	0.984
2138	0.984
2136	0.984
2135	0.983
2133	0.983
2131	0.982
2129	0.982
2127	0.981
2125	0.980
2123	0.979
2121	0.978
2119	0.976
2117	0.975
2115	0.974
2113	0.973
2111	0.971
2109	0.970
2108	0.968
2106	0.967
2104	0.965
2102	0.963
2100	0.961
2098	0.959
2096	0.956
2094	0.954
2092	0.951
2090	0.949
2088	0.946
2086	0.945
2084	0.944
2082	0.943
2081	0.943
2079	0.943
2077	0.944
2075	0.944
2073	0.945
2071	0.946
2069	0.948
2067	0.949
2065	0.950
2063	0.952
2061	0.954
2059	0.955
2057	0.957
2055	0.958
2054	0.959
2052	0.961
2050	0.962
2048	0.963
2046	0.964
2044	0.965
2042	0.967
2040	0.968
2038	0.970
2036	0.972
2034	0.973
2032	0.975
2030	0.977
2028	0.978
2027	0.979
2025	0.980
2023	0.980
2021	0.980
2019	0.980
2017	0.981
2015	0.981
2013	0.982
2011	0.982
2009	0.983
2007	0.983
2005	0.984
2003	0.985
2001	0.986
2000	0.987
1998	0.987
1996	0.988
1994	0.988
1992	0.988
1990	0.989
1988	0.990
1986	0.990
1984	0.990
1982	0.990
1980	0.989
1978	0.989
1976	0.989
1974	0.989
1973	0.989
1971	0.989
1969	0.989
1967	0.989
1965	0.990
1963	0.991
1961	0.992
1959	0.992
1957	0.993
1955	0.993
1953	0.994
1951	0.994
1949	0.994
1947	0.994
1946	0.993
1944	0.992
1942	0.992
1940	0.992
1938	0.991
1936	0.991
1934	0.991
1932	0.990
1930	0.990
1928	0.990
1926	0.990
1924	0.989
1922	0.988
1920	0.988
1919	0.988
1917	0.989
1915	0.989
1913	0.989
1911	0.989
1909	0.989
1907	0.989
1905	0.990
1903	0.990
1901	0.990
1899	0.990
1897	0.990
1895	0.990
1893	0.990
1892	0.990
1890	0.990
1888	0.990
1886	0.991
1884	0.991
1882	0.991
1880	0.991
1878	0.991
1876	0.990
1874	0.990
1872	0.989
1870	0.988
1868	0.987
1866	0.989
1865	0.990
1863	0.991
1861	0.991
1859	0.991
1857	0.991
1855	0.991
1853	0.992
1851	0.991
1849	0.991
1847	0.990
1845	0.988
1843	0.989
1841	0.991
1839	0.991
1838	0.991
1836	0.991
1834	0.991
1832	0.989
1830	0.988
1828	0.989
1826	0.989
1824	0.990
1822	0.990
1820	0.990
1818	0.990
1816	0.990
1814	0.990
1812	0.989
1811	0.988
1809	0.989
1807	0.989
1805	0.989
1803	0.987
1801	0.986
1799	0.986
1797	0.985
1795	0.983
1793	0.981
1791	0.981
1789	0.982
1787	0.981
1785	0.980
1784	0.978
1782	0.977
1780	0.976
1778	0.975
1776	0.974
1774	0.971
1772	0.970
1770	0.971
1768	0.973
1766	0.974
1764	0.973
1762	0.972
1760	0.971
1758	0.971
1757	0.970
1755	0.968
1753	0.965
1751	0.961
1749	0.956
1747	0.953
1745	0.949
1743	0.944
1741	0.938
1739	0.933
1737	0.929
1735	0.924
1733	0.920
1731	0.920
1730	0.921
1728	0.922
1726	0.923
1724	0.924
1722	0.925
1720	0.925
1718	0.924
1716	0.927
1714	0.932
1712	0.936
1710	0.938
1708	0.938
1706	0.938
1704	0.938
1703	0.937
1701	0.936
1699	0.935
1697	0.936
1695	0.938
1693	0.938
1691	0.937
1689	0.933
1687	0.930
1685	0.925
1683	0.922
1681	0.922
1679	0.921
1677	0.919
1676	0.916
1674	0.915
1672	0.913
1670	0.912
1668	0.914
1666	0.916
1664	0.916
1662	0.917
1660	0.919
1658	0.919
1656	0.917
1654	0.914
1652	0.916
1650	0.920
1649	0.920
1647	0.922
1645	0.929
1643	0.934
1641	0.936
1639	0.937
1637	0.937
1635	0.940
1633	0.945
1631	0.947
1629	0.947
1627	0.947
1625	0.947
1623	0.948
1622	0.949
1620	0.950
1618	0.950
1616	0.952
1614	0.956
1612	0.957
1610	0.958
1608	0.959
1606	0.960
1604	0.960
1602	0.961
1600	0.961
1598	0.962
1596	0.962
1595	0.962
1593	0.962
1591	0.961
1589	0.961
1587	0.961
1585	0.961
1583	0.961
1581	0.960
1579	0.957
1577	0.953
1575	0.950
1573	0.948
1571	0.946
1569	0.943
1568	0.942
1566	0.942
1564	0.940
1562	0.936
1560	0.930
1558	0.929
1556	0.933
1554	0.934
1552	0.934
1550	0.933
1548	0.932
1546	0.930
1544	0.925
1542	0.920
1541	0.915
1539	0.914
1537	0.913
1535	0.908
1533	0.899
1531	0.888
1529	0.875
1527	0.854
1525	0.824
1523	0.786
1521	0.729
1519	0.670
1517	0.633
1515	0.621
1514	0.636
1512	0.669
1510	0.709
1508	0.754
1506	0.814
1504	0.852
1502	0.865
1500	0.870
1498	0.871
1496	0.867
1494	0.859
1492	0.847
1490	0.823
1488	0.784
1487	0.733
1485	0.676
1483	0.613
1481	0.547
1479	0.494
1477	0.458
1475	0.434
1473	0.407
1471	0.366
1469	0.321
1467	0.279
1465	0.235
1463	0.203
1461	0.193
1460	0.199
1458	0.216
1456	0.245
1454	0.274
1452	0.305
1450	0.346
1448	0.399
1446	0.457
1444	0.504
1442	0.539
1440	0.565
1438	0.582
1436	0.598
1434	0.615
1433	0.632
1431	0.651
1429	0.674
1427	0.690
1425	0.697
1423	0.693
1421	0.679
1419	0.652
1417	0.621
1415	0.605
1413	0.603
1411	0.613
1409	0.634
1407	0.658
1406	0.681
1404	0.700
1402	0.712
1400	0.715
1398	0.713
1396	0.707
1394	0.696
1392	0.680
1390	0.653
1388	0.602
1386	0.518
1384	0.426
1382	0.344
1380	0.283
1379	0.252
1377	0.252
1375	0.274
1373	0.309
1371	0.345
1369	0.378
1367	0.412
1365	0.448
1363	0.489
1361	0.524
1359	0.541
1357	0.544
1355	0.543
1353	0.548
1352	0.559
1350	0.575
1348	0.592
1346	0.611
1344	0.630
1342	0.648
1340	0.661
1338	0.672
1336	0.686
1334	0.706
1332	0.735
1330	0.767
1328	0.795
1326	0.815
1325	0.824
1323	0.823
1321	0.811
1319	0.796
1317	0.792
1315	0.807
1313	0.833
1311	0.854
1309	0.862
1307	0.860
1305	0.855
1303	0.849
1301	0.839
1299	0.826
1298	0.816
1296	0.815
1294	0.823
1292	0.835
1290	0.845
1288	0.849
1286	0.847
1284	0.839
1282	0.828
1280	0.815
1278	0.803
1276	0.793
1274	0.783
1272	0.773
1271	0.762
1269	0.749
1267	0.736
1265	0.724
1263	0.715
1261	0.709
1259	0.708
1257	0.709
1255	0.710
1253	0.707
1251	0.700
1249	0.694
1247	0.690
1245	0.693
1244	0.702
1242	0.716
1240	0.734
1238	0.752
1236	0.770
1234	0.788
1232	0.804
1230	0.818
1228	0.830
1226	0.838
1224	0.843
1222	0.845
1220	0.844
1218	0.840
1217	0.831
1215	0.819
1213	0.803
1211	0.784
1209	0.762
1207	0.738
1205	0.711
1203	0.681
1201	0.649
1199	0.620
1197	0.596
1195	0.578
1193	0.564
1191	0.549
1190	0.532
1188	0.515
1186	0.501
1184	0.490
1182	0.479
1180	0.475
1178	0.482
1176	0.501
1174	0.528
1172	0.558
1170	0.586
1168	0.608
1166	0.624
1164	0.635
1163	0.640
1161	0.638
1159	0.632
1157	0.627
1155	0.629
1153	0.636
1151	0.643
1149	0.644
1147	0.634
1145	0.613
1143	0.588
1141	0.563
1139	0.543
1137	0.525
1136	0.504
1134	0.475
1132	0.436
1130	0.390
1128	0.342
1126	0.296
1124	0.253
1122	0.219
1120	0.193
1118	0.174
1116	0.159
1114	0.146
1112	0.134
1110	0.123
1108	0.112
1107	0.099
1105	0.084
1103	0.066
1101	0.048
1099	0.033
1097	0.021
1095	0.014
1093	0.011
1091	0.01
1089	0.010
1087	0.013
1085	0.018
1083	0.027
1081	0.041
1080	0.060
1078	0.085
1076	0.112
1074	0.141
1072	0.167
1070	0.190
1068	0.210
1066	0.231
1064	0.255
1062	0.288
1060	0.330
1058	0.381
1056	0.437
1054	0.489
1053	0.532
1051	0.562
1049	0.576
1047	0.576
1045	0.567
1043	0.553
1041	0.535
1039	0.512
1037	0.489
1035	0.471
1033	0.464
1031	0.465
1029	0.472
1027	0.479
1026	0.482
1024	0.480
1022	0.474
1020	0.466
1018	0.456
1016	0.446
1014	0.438
1012	0.437
1010	0.440
1008	0.446
1006	0.454
1004	0.464
1002	0.476
1000	0.485
999	0.489
997	0.484
995	0.475
993	0.468
991	0.468
989	0.477
987	0.493
985	0.512
983	0.525
981	0.530
979	0.526
977	0.517
975	0.504
973	0.490
972	0.479
970	0.480
968	0.500
966	0.536
964	0.576
962	0.606
960	0.622
958	0.626
956	0.626
954	0.629
952	0.641
950	0.661
948	0.689
946	0.719
945	0.746
943	0.769
941	0.788
939	0.805
937	0.820
935	0.831
933	0.839
931	0.844
929	0.846
927	0.846
925	0.845
923	0.844
921	0.844
919	0.843
918	0.841
916	0.836
914	0.830
912	0.825
910	0.827
908	0.835
906	0.846
904	0.855
902	0.863
900	0.871
898	0.879
896	0.887
894	0.896
892	0.903
891	0.907
889	0.908
887	0.906
885	0.904
883	0.902
881	0.901
879	0.900
877	0.898
875	0.896
873	0.893
871	0.888
869	0.881
867	0.871
865	0.858
864	0.841
862	0.819
860	0.791
858	0.754
856	0.711
854	0.668
852	0.626
850	0.579
848	0.523
846	0.461
844	0.405
842	0.368
840	0.354
838	0.360
837	0.382
835	0.412
833	0.445
831	0.472
829	0.490
827	0.508
825	0.543
823	0.603
821	0.683
819	0.763
817	0.828
815	0.871
813	0.895
811	0.905
810	0.907
808	0.904
806	0.898
804	0.891
802	0.886
800	0.889
798	0.900
796	0.915
794	0.930
792	0.942
790	0.949
788	0.952
786	0.953
784	0.951
783	0.944
781	0.928
779	0.901
777	0.865
775	0.831
773	0.812
771	0.813
769	0.835
767	0.869
765	0.907
763	0.939
761	0.962
759	0.977
757	0.985
756	0.989
754	0.990
752	0.988
750	0.985
748	0.982
746	0.979
744	0.977
742	0.976
740	0.974
738	0.971
736	0.965
734	0.954
732	0.937
730	0.917
729	0.899
727	0.882
725	0.868
723	0.856
721	0.851
719	0.855
717	0.870
715	0.890
713	0.911
711	0.928
709	0.94
707	0.944
705	0.943
703	0.933
702	0.915
700	0.889
698	0.859
696	0.827
694	0.798
692	0.779
690	0.781
688	0.807
686	0.846
684	0.882
682	0.907
680	0.919
678	0.924
676	0.926
675	0.930
673	0.935
671	0.942
669	0.950
667	0.961
665	0.968
663	0.971
661	0.974
659	0.976
657	0.978
655	0.979
653	0.981
651	0.983
649	0.984
648	0.986
646	0.988
644	0.989
642	0.990
640	0.991
638	0.992
636	0.992
634	0.992
632	0.992
630	0.990
628	0.987
626	0.981
624	0.972
622	0.959
621	0.941
619	0.922
617	0.904
615	0.890
613	0.884
611	0.888
609	0.898
607	0.907
605	0.913
603	0.917
601	0.919
599	0.921
597	0.922
595	0.923
594	0.921
592	0.916
590	0.908
588	0.898
586	0.892
584	0.891
582	0.896
580	0.904
578	0.910
576	0.914
574	0.915
572	0.913
570	0.913
568	0.915
567	0.918
565	0.919
563	0.919
561	0.915
559	0.910
557	0.902
555	0.895
553	0.887
551	0.878
549	0.868
547	0.860
545	0.855
543	0.853
541	0.850
540	0.844
538	0.835
536	0.825
534	0.817
532	0.812
530	0.811
528	0.812
526	0.814
524	0.816
522	0.816
520	0.815
518	0.812
516	0.809
514	0.806
513	0.802
511	0.798
509	0.795
507	0.793
505	0.791
503	0.788
501	0.785
499	0.781
497	0.775
495	0.767
493	0.755
491	0.740
489	0.725
487	0.712
486	0.706
484	0.709
482	0.721
480	0.736
478	0.749
476	0.758
474	0.762
472	0.763
470	0.761
468	0.759
466	0.757
464	0.755
462	0.753
460	0.751
459	0.749
457	0.747
455	0.746
453	0.745
451	0.743
449	0.740
447	0.737
445	0.733
443	0.730
441	0.726
439	0.724
437	0.720
435	0.715
433	0.710
432	0.703
430	0.696
428	0.687
426	0.678
424	0.669
422	0.660
420	0.651
418	0.641
416	0.633
414	0.625
412	0.617
410	0.607
408	0.596
406	0.584
405	0.572
403	0.560
401	0.548
399	0.534
