460.544	29.0726
461.198	33.1449
461.852	32.896
462.506	47.7173
463.159	41.4213
463.813	10.9573
464.467	41.8519
465.121	48.1756
465.774	48.1365
466.428	20.0587
467.082	22.7592
467.735	15.1033
468.389	34.8984
469.042	44.4821
469.696	37.6306
470.349	14.7923
471.003	36.9526
471.656	53.795
472.31	13.0682
472.963	25.2567
473.616	37.706
474.27	36.2268
474.923	17.9214
475.576	2.09427
476.229	40.1355
476.882	52.3893
477.535	30.0821
478.188	8.01822
478.841	41.1003
479.494	25.2906
480.147	2.88388
480.8	32.3154
481.453	19.7211
482.106	8.92776
482.759	31.244
483.411	46.8365
484.064	34.199
484.717	23.7135
485.37	43.8421
486.022	43.4715
486.675	29.4011
487.327	45.2823
487.98	37.4634
488.632	35.468
489.285	38.9639
489.937	22.3834
490.59	38.5148
491.242	54.5656
491.894	59.0014
492.547	61.4631
493.199	51.719
493.851	62.9685
494.503	71.066
495.155	70.879
495.807	63.3587
496.46	71.5592
497.112	78.4932
497.764	75.398
498.415	86.5168
499.067	100.339
499.719	95.0447
500.371	121.704
501.023	97.5913
501.675	122.676
502.327	134.283
502.978	131.858
503.63	143.387
504.282	159.015
504.933	162.306
505.585	151.721
506.236	162.167
506.888	158.145
507.539	176.794
508.191	193.898
508.842	194.341
509.493	197.321
510.145	228.714
510.796	234.629
511.447	235.508
512.098	254.93
512.75	254.853
513.401	268.611
514.052	284.446
514.703	297.831
515.354	326.823
516.005	338.14
516.656	337.968
517.307	366.569
517.958	371.766
518.609	396.754
519.259	415.053
519.91	421.117
520.561	442.962
521.212	468.519
521.862	491.643
522.513	510.049
523.164	539.046
523.814	544.599
524.465	573.714
525.115	601.1
525.766	616.585
526.416	652.618
527.066	667.934
527.717	690.084
528.367	705.063
529.017	735.799
529.668	762.135
530.318	783.055
530.968	818.083
531.618	830.755
532.268	850.176
532.918	877.157
533.568	915.03
534.218	937.271
534.868	964.25
535.518	988.915
536.168	1020.24
536.818	1050.86
537.468	1091.28
538.117	1105.5
538.767	1136.31
539.417	1154.85
540.067	1194.32
540.716	1200.48
541.366	1234.25
542.015	1262.22
542.665	1286.22
543.314	1321.43
543.964	1338.66
544.613	1368.36
545.262	1376.35
545.912	1413.32
546.561	1427.46
547.21	1453.92
547.86	1474.4
548.509	1485.69
549.158	1512.54
549.807	1536
550.456	1553.12
551.105	1573.82
551.754	1585.94
552.403	1619.56
553.052	1617.12
553.701	1644.91
554.35	1667.68
554.999	1673.37
555.647	1699.12
556.296	1691.24
556.945	1710.84
557.593	1705.66
558.242	1703.83
558.891	1715.52
559.539	1727.21
560.188	1715.96
560.836	1717
561.485	1724.11
562.133	1727.31
562.781	1744.77
563.43	1743.22
564.078	1756.84
564.726	1750.81
565.375	1750.56
566.023	1756.88
566.671	1757
567.319	1777.98
567.967	1765.13
568.615	1749.19
569.263	1770.17
569.911	1780.78
570.559	1784.81
571.207	1767.56
571.855	1773.78
572.503	1760.89
573.15	1775.7
573.798	1768.48
574.446	1781.31
575.093	1780.03
575.741	1790.23
576.389	1776.89
577.036	1786.68
577.684	1780.94
578.331	1772.78
578.979	1799.78
579.626	1775.36
580.273	1786.09
580.921	1779.5
581.568	1792.23
582.215	1791.01
582.863	1780.48
583.51	1794.24
584.157	1797
584.804	1803.74
585.451	1771.24
586.098	1790.35
586.745	1798.86
587.392	1815.67
588.039	1788.94
588.686	1786.68
589.333	1789.83
589.979	1789.24
590.626	1801.1
591.273	1786.8
591.92	1797.99
592.566	1818.71
593.213	1796.34
593.859	1784.73
594.506	1791.49
595.152	1796.42
595.799	1781.62
596.445	1795.98
597.092	1787.58
597.738	1800.43
598.384	1767.9
599.031	1762.1
599.677	1773.14
600.323	1765.07
600.969	1772.03
601.615	1754.49
602.261	1753.95
602.907	1729.57
603.554	1741.18
604.199	1715.62
604.845	1699.43
605.491	1707.72
606.137	1692.62
606.783	1679.41
607.429	1680.17
608.074	1652.44
608.72	1642.24
609.366	1657.34
610.011	1626.37
610.657	1633.84
611.303	1612.58
611.948	1610.11
612.594	1599.11
613.239	1599.83
613.884	1583.06
614.53	1565.22
615.175	1556.69
615.82	1570.8
616.466	1553.83
617.111	1542.85
617.756	1529.02
618.401	1512.61
619.046	1509.74
619.691	1510.26
620.336	1481.58
620.981	1490.16
621.626	1470.94
622.271	1452.82
622.916	1474.53
623.561	1451.31
624.205	1456.85
624.85	1426.76
625.495	1417.61
626.14	1417.14
626.784	1394.99
627.429	1388.61
628.073	1386.4
628.718	1375.02
629.362	1372.4
630.007	1349.1
630.651	1347.74
631.295	1350.46
631.94	1328.79
632.584	1310.56
633.228	1313.62
633.872	1306.54
634.517	1312.3
635.161	1302.29
635.805	1291.65
636.449	1281.49
637.093	1268.56
637.737	1269.81
638.381	1253.47
639.025	1253
639.669	1253.28
640.312	1231.5
640.956	1221.01
641.6	1227.91
642.244	1213.7
642.887	1212.87
643.531	1196.42
644.174	1196.72
644.818	1187.99
645.461	1173.3
646.105	1171.76
646.748	1163.38
647.392	1153.99
648.035	1165.76
648.678	1141.37
649.322	1137.99
649.965	1132.61
650.608	1127.5
651.251	1120.15
651.894	1109.32
652.537	1102.72
653.18	1093.01
653.823	1089.79
654.466	1084.14
655.109	1084.41
655.752	1074.6
656.395	1068.48
657.038	1056.79
657.68	1054.56
658.323	1046.59
658.966	1029.02
659.608	1026.63
660.251	1028.26
660.894	1018.8
661.536	1013.85
662.179	1018.53
662.821	1009.15
663.463	1005.4
664.106	997.075
664.748	977.825
665.39	975.321
666.033	987.896
666.675	968.401
667.317	952.106
667.959	961.7
668.601	959.164
669.243	943.603
669.885	935.712
670.527	937.782
671.169	929.142
671.811	916.58
672.453	917.546
673.095	910.501
673.736	886.754
674.378	892.37
675.02	881.589
675.661	882.528
676.303	858.683
676.945	867.457
677.586	866.941
678.228	855.48
678.869	842.162
679.51	830.336
680.152	839.558
680.793	829.207
681.434	813.004
682.076	814.056
682.717	804.489
683.358	801.579
683.999	784.496
684.64	791.67
685.281	796.719
685.922	786.689
686.563	770.789
687.204	776.481
687.845	757.015
688.486	752.016
689.127	753.579
689.767	748.053
690.408	729.524
691.049	730.318
691.689	728.982
692.33	714.084
692.971	710.691
693.611	711.694
694.252	698.015
694.892	690.037
695.532	686.743
696.173	686.044
696.813	684.166
697.453	680.509
698.094	674.546
698.734	659.995
699.374	668.059
700.014	651.823
700.654	654.026
701.294	652.025
701.934	641.661
702.574	639.122
703.214	630.907
703.854	633.29
704.494	624.308
705.134	612.54
705.773	609.083
706.413	601.733
707.053	612.148
707.692	607.763
708.332	589.476
708.971	596.895
709.611	592.472
710.25	576.878
710.89	572.776
711.529	569.748
712.169	576.926
712.808	571.104
713.447	559.28
714.086	569.688
714.726	541.33
715.365	548.359
716.004	548.282
716.643	539.892
717.282	539.992
717.921	536.558
718.56	527.687
719.199	518.958
719.838	523.411
720.476	528.919
721.115	510.953
721.754	513.015
722.393	512.062
723.031	496.151
723.67	501.375
724.308	493.143
724.947	494.832
725.585	484.261
726.224	493.693
726.862	496.076
727.501	478.199
728.139	486.576
728.777	477.31
729.415	463.356
730.054	465.375
730.692	467.182
731.33	455.933
731.968	449.886
732.606	463.077
733.244	452.095
733.882	441.429
734.52	442.004
735.158	433.077
735.796	434.787
736.433	431.989
737.071	424.122
737.709	423.748
738.346	422.064
738.984	415.619
739.622	412.094
740.259	416.028
740.897	408.343
741.534	405.434
742.172	406.62
742.809	406.761
743.446	400.473
744.084	389.376
744.721	392.384
745.358	397.522
745.995	395.454
746.632	384.228
747.269	380.431
747.906	382.009
748.544	382.874
749.18	383.62
749.817	370.839
750.454	372.981
751.091	367.723
751.728	379.579
752.365	352.158
753.001	370.713
753.638	356.76
754.275	350.149
754.911	351.061
755.548	351.134
756.184	348.317
756.821	349.863
757.457	339.723
758.094	339.144
758.73	332.246
759.366	341.952
760.002	332.261
760.639	329.683
761.275	331.276
761.911	321.795
762.547	314.955
763.183	323.488
763.819	320.463
764.455	321.041
765.091	333.129
765.727	324.766
766.363	321.919
766.998	309.529
767.634	312.902
768.27	302.263
768.906	297.129
769.541	294.014
770.177	291.065
770.812	285.724
771.448	279.016
772.083	279.812
772.719	263.083
773.354	283.121
773.989	269.511
774.625	272.493
775.26	274.489
775.895	264.489
776.53	259.704
777.165	264.705
777.8	256.554
778.435	258.263
779.07	266.714
779.705	259.391
780.34	249.732
780.975	237.064
781.61	259.231
782.245	222.379
782.879	238.081
783.514	238.569
784.149	240.057
784.783	240.569
785.418	227.792
786.052	229.385
786.687	238.622
787.321	236.549
787.956	232.839
788.59	217.821
789.224	237.751
789.859	232.794
790.493	237.83
791.127	214.441
791.761	216.655
792.395	211.822
793.029	211.689
793.663	206.609
794.297	208.396
794.931	212.824
795.565	219.34
796.199	209.117
796.833	198.168
797.467	206.097
798.1	229.403
798.734	186.002
799.368	198.511
800.001	196.008
