600	0
599	-0.3784798
598	-0.3554887
597	-0.2267678
596	-0.2384808
595	-0.3157548
594	-0.3931889
593	-0.3223581
592	-0.074742
591	-0.0946262
590	-0.4677434
589	-0.3842594
588	-0.3354998
587	-0.4062456
586	-0.2304884
585	-0.3288426
584	-0.4726713
583	-0.4543558
582	-0.518373
581	-0.527424
580	-0.4935057
579	-0.5499685
578	-0.5126503
577	-0.4850079
576	-0.4178525
575	-0.5034421
574	-0.9137612
573	-0.8595847
572	-0.5339562
571	-0.5876536
570	-0.3383306
569	-0.2100147
568	-0.3363613
567	-0.5276162
566	-0.3913466
565	-0.3117974
564	-0.4310897
563	-0.4123856
562	-0.3353662
561	-0.2938566
560	-0.5640999
559	-0.6892649
558	-0.5479053
557	-0.5095959
556	-0.4338498
555	-0.4022852
554	-0.4615786
553	-0.4109338
552	-0.4620405
551	-0.3925818
550	-0.4064961
549	-0.5078202
548	-0.5568559
547	-0.3227269
546	-0.238017
545	-0.2373657
544	-0.1761625
543	-0.2633601
542	-0.2039979
541	-0.1337694
540	-0.036785
539	-0.1482634
538	-0.0046552
537	0.1448357
536	0.1616295
535	0.0880317
534	0.0885879
533	0.1909304
532	0.4410967
531	0.6548876
530	0.5916794
529	0.6204576
528	0.6246744
527	0.6225722
526	0.7725085
525	1.0750393
524	1.158918
523	1.14674
522	1.087023
521	1.115813
520	1.344757
519	1.320502
518	1.244304
517	1.442258
516	1.655369
515	1.72202
514	1.864303
513	1.79048
512	2.01934
511	2.174214
510	2.181269
509	2.297119
508	2.332607
507	2.310638
506	2.380808
505	2.575878
504	2.820153
503	2.982306
502	2.98091
501	3.04673
500	3.151689
499	3.215295
498	3.319561
497	3.356724
496	3.325627
495	3.258092
494	3.361058
493	3.386628
492	3.423846
491	3.419439
490	3.367319
489	3.480373
488	3.581918
487	3.392525
486	3.53893
485	3.924744
484	3.733194
483	3.775805
482	3.838378
481	3.804506
480	3.731505
479	3.661859
478	3.536439
477	3.579758
476	3.771093
475	3.72555
474	3.674799
473	3.6045
472	3.458621
471	3.383175
470	3.49491
469	3.425806
468	3.242627
467	3.146686
466	3.244832
465	3.264457
464	3.095001
463	3.047356
462	2.967745
461	2.917009
460	2.795239
459	2.723693
458	2.599263
457	2.349248
456	2.275687
455	2.42894
454	2.423677
453	2.28237
452	1.997042
451	1.848987
450	1.757452
449	1.567066
448	1.459737
447	1.327135
446	1.479363
445	1.342268
444	1.119056
443	0.950132
442	0.837107
441	0.52226
440	0.397553
439	0.332449
438	0.270058
437	0.050955
436	-0.142741
435	-0.17363
434	-0.2245341
433	-0.2676444
432	-0.3664332
431	-0.5654662
430	-0.6790964
429	-0.688022
428	-0.8691675
427	-0.9232404
426	-0.904132
425	-1.188381
424	-1.540507
423	-1.669237
422	-1.639076
421	-1.655848
420	-1.818341
419	-1.964596
418	-1.887389
417	-1.99676
416	-2.234297
415	-2.174939
414	-2.087132
413	-2.091743
412	-2.199501
411	-2.199113
410	-2.182251
409	-2.230529
408	-2.24787
407	-2.40128
406	-2.459109
405	-2.362372
404	-2.411988
403	-2.452284
402	-2.400868
401	-2.348376
400	-2.279225
399	-2.252932
398	-2.131608
397	-2.153965
396	-2.149632
395	-2.307445
394	-2.210197
393	-2.151038
392	-1.972302
391	-1.780424
390	-1.753252
389	-1.745374
388	-1.81731
387	-1.72836
386	-1.789303
385	-1.711646
384	-1.843898
383	-1.957419
382	-1.574119
381	-1.324415
380	-1.440593
379	-1.507294
378	-1.390934
377	-1.275944
376	-1.286614
375	-1.249102
374	-1.144498
373	-1.0182357
372	-1.0156804
371	-1.069563
370	-1.154746
369	-1.121158
368	-1.058399
367	-0.9039581
366	-0.9028723
365	-0.805983
364	-0.6077636
363	-0.7501576
362	-0.8439805
361	-0.6700674
360	-0.6642874
359	-0.5763279
358	-0.4605292
357	-0.5126756
356	-0.5637862
355	-0.6082721
354	-0.5962918
353	-0.5535814
352	-0.4886825
351	-0.4581618
350	-0.4441728
349	-0.4227427
348	-0.3965618
347	-0.2699838
346	-0.2880315
345	-0.2052865
344	-0.2248108
343	-0.2046673
342	-0.1422886
341	-0.1349685
340	-0.2928394
339	-0.4285704
338	-0.3819626
337	-0.2871371
336	-0.2893816
335	-0.303528
334	-0.3695047
333	-0.4151132
332	-0.201731
331	-0.11734804
330	-0.1840726
329	-0.2200329
328	-0.2769037
327	-0.2116896
326	-0.2596827
325	-0.2431203
324	-0.1792535
323	-0.09272612
322	-0.18116457
321	-0.2941153
320	-0.1981002
319	-0.14097245
318	-0.10621908
317	-0.1725973
316	-0.1719247
315	-0.2224905
314	-0.3356661
313	-0.18020128
312	-0.07094967
311	-0.15803023
310	-0.12194446
309	-0.10759896
308	-0.14206507
307	-0.11591182
306	-0.1653397
305	-0.0982125
304	0.0035816
303	-0.1232026
302	0.0123693
301	0.0130236
300	-0.1186372
299	-0.032269
298	-0.0024573
297	0.0312494
296	0.0571697
295	0.0178941
294	-0.0431038
293	-0.0598656
292	0.0839396
291	-0.0405896
290	-0.0536173
289	0.0135939
288	0.0773146
287	0.1252558
286	0.1735719
285	0.2492234
284	0.1721201
283	0.2728759
282	0.3670819
281	0.2790368
280	0.1842716
279	0.1234896
278	0.1652506
277	0.1590269
276	0.1533581
275	0.2199729
274	0.2133189
273	0.2043212
272	0.3326637
271	0.2540625
270	0.2549704
269	0.5957191
268	0.5025625
267	0.3193002
266	0.2382049
265	0.369552
264	0.2829464
263	0.3453967
262	0.3345507
261	0.205848
260	0.4601666
259	0.4644052
258	0.2948353
257	0.1760627
256	0.0304655
255	0.1922302
254	0.0647311
253	0.0656237
252	0.1555747
251	0.0992119
250	0.1880415
249	0.4915132
248	0.5294406
247	0.3369182
246	0.3990002
245	0.5512054
244	0.3035172
243	0.1188402
242	-0.5433242
241	-0.4410968
240	-0.2688563
239	-0.142288
238	-0.092645
237	0.024143
236	-0.073586
235	0.272899
234	0.149369
233	0.58139
232	0.591761
231	0.408233
230	0.933946

